Graphic of Mass loss for Mu=0.100 C=10.000 Gamma=1.000
0.000000 0.000005
0.100000 0.000036
0.200000 0.000045
0.300000 0.000055
0.400000 0.000063
0.500000 0.000071
0.600000 0.000078
0.700000 0.000084
0.800000 0.000090
0.900000 0.000095
1.000000 0.000100
1.100000 0.000104
1.200000 0.000103
1.300000 0.000057
1.400000 0.000002
1.500000 0.000050
1.600000 0.000122
1.700000 0.000182
1.800000 0.000209
1.900000 0.000184
2.000000 0.000149
2.100000 0.000141
2.200000 0.000143
2.300000 0.000145
2.400000 0.000147
2.500000 0.000149
2.600000 0.000151
2.700000 0.000153
2.800000 0.000155
2.900000 0.000156
3.000000 0.000158
3.100000 0.000160
3.200000 0.000163
3.300000 0.000165
3.400000 0.000166
3.500000 0.000167
3.600000 0.000168
3.700000 0.000169
3.800000 0.000171
3.900000 0.000172
4.000000 0.000172
4.100000 0.000168
4.200000 0.000147
4.300000 0.000107
4.400000 0.000092
4.500000 0.000108
4.600000 0.000136
4.700000 0.000165
4.800000 0.000194
4.900000 0.000219
5.000000 0.000239
5.100000 0.000249
5.200000 0.000243
5.300000 0.000221
5.400000 0.000201
5.500000 0.000192
5.600000 0.000190
5.700000 0.000191
5.800000 0.000191
5.900000 0.000192
6.000000 0.000192
6.100000 0.000193
6.200000 0.000193
6.300000 0.000194
6.400000 0.000196
6.500000 0.000196
6.600000 0.000197
6.700000 0.000197
6.800000 0.000198
6.900000 0.000198
7.000000 0.000197
7.100000 0.000190
7.200000 0.000173
7.300000 0.000147
7.400000 0.000132
7.500000 0.000136
7.600000 0.000149
7.700000 0.000166
7.800000 0.000183
7.900000 0.000201
8.000000 0.000218
8.100000 0.000233
8.200000 0.000246
8.300000 0.000256
8.400000 0.000260
8.500000 0.000255
8.600000 0.000241
8.700000 0.000225
8.800000 0.000215
8.900000 0.000211
9.000000 0.000209
9.100000 0.000209
9.200000 0.000209
9.300000 0.000210
9.400000 0.000210
9.500000 0.000211
9.600000 0.000212
9.700000 0.000212
9.800000 0.000212
9.900000 0.000212
10.000000 0.000210
10.100000 0.000205
10.200000 0.000193
10.300000 0.000174
10.400000 0.000159
10.500000 0.000155
10.600000 0.000160
10.700000 0.000170
10.800000 0.000181
10.900000 0.000194
11.000000 0.000206
11.100000 0.000219
11.200000 0.000231
11.300000 0.000242
11.400000 0.000251
11.500000 0.000259
11.600000 0.000264
11.700000 0.000265
11.800000 0.000259
11.900000 0.000247
12.000000 0.000235
12.100000 0.000226
12.200000 0.000222
12.300000 0.000221
12.400000 0.000220
12.500000 0.000220
12.600000 0.000221
12.700000 0.000221
12.800000 0.000221
12.900000 0.000221
13.000000 0.000220
13.100000 0.000216
13.200000 0.000208
13.300000 0.000194
13.400000 0.000180
13.500000 0.000171
13.600000 0.000171
13.700000 0.000175
13.800000 0.000183
13.900000 0.000192
14.000000 0.000201
14.100000 0.000211
14.200000 0.000220
14.300000 0.000230
14.400000 0.000239
14.500000 0.000248
14.600000 0.000255
14.700000 0.000262
14.800000 0.000266
14.900000 0.000268
15.000000 0.000266
15.100000 0.000260
15.200000 0.000250
15.300000 0.000240
15.400000 0.000233
15.500000 0.000230
15.600000 0.000228
15.700000 0.000228
15.800000 0.000228
15.900000 0.000227
16.000000 0.000227
16.100000 0.000224
16.200000 0.000219
16.300000 0.000210
16.400000 0.000197
16.500000 0.000187
16.600000 0.000182
16.700000 0.000182
16.800000 0.000186
16.900000 0.000192
17.000000 0.000199
17.100000 0.000206
17.200000 0.000214
17.300000 0.000222
17.400000 0.000230
17.500000 0.000238
17.600000 0.000245
17.700000 0.000252
17.800000 0.000258
17.900000 0.000264
18.000000 0.000268
18.100000 0.000270
18.200000 0.000270
18.300000 0.000266
18.400000 0.000259
18.500000 0.000251
18.600000 0.000243
18.700000 0.000238
18.800000 0.000235
18.900000 0.000233
19.000000 0.000232
19.100000 0.000231
19.200000 0.000227
19.300000 0.000221
19.400000 0.000212
19.500000 0.000201
19.600000 0.000193
19.700000 0.000190
19.800000 0.000191
19.900000 0.000194
20.000000 0.000199
20.100000 0.000204
20.200000 0.000211
20.300000 0.000217
20.400000 0.000224
20.500000 0.000230
20.600000 0.000237
20.700000 0.000243
20.800000 0.000250
20.900000 0.000255
21.000000 0.000261
21.100000 0.000265
21.200000 0.000269
21.300000 0.000272
21.400000 0.000272
21.500000 0.000270
21.600000 0.000265
21.700000 0.000258
21.800000 0.000251
21.900000 0.000245
22.000000 0.000240
22.100000 0.000237
22.200000 0.000234
22.300000 0.000230
22.400000 0.000223
22.500000 0.000214
22.600000 0.000206
22.700000 0.000199
22.800000 0.000197
22.900000 0.000197
23.000000 0.000200
23.100000 0.000204
23.200000 0.000209
23.300000 0.000214
23.400000 0.000220
23.500000 0.000225
23.600000 0.000231
23.700000 0.000237
23.800000 0.000243
23.900000 0.000248
24.000000 0.000253
24.100000 0.000258
24.200000 0.000263
24.300000 0.000267
24.400000 0.000270
24.500000 0.000273
24.600000 0.000274
24.700000 0.000273
24.800000 0.000269
24.900000 0.000264
25.000000 0.000257
25.100000 0.000250
25.200000 0.000244
25.300000 0.000239
25.400000 0.000233
25.500000 0.000226
25.600000 0.000217
25.700000 0.000210
25.800000 0.000205
25.900000 0.000203
26.000000 0.000203
26.100000 0.000205
26.200000 0.000209
26.300000 0.000213
26.400000 0.000217
26.500000 0.000222
26.600000 0.000227
26.700000 0.000232
26.800000 0.000237
26.900000 0.000242
27.000000 0.000247
27.100000 0.000252
27.200000 0.000257
27.300000 0.000261
27.400000 0.000265
27.500000 0.000269
27.600000 0.000272
27.700000 0.000274
27.800000 0.000275
27.900000 0.000275
28.000000 0.000272
28.100000 0.000268
28.200000 0.000262
28.300000 0.000254
28.400000 0.000246
28.500000 0.000238
28.600000 0.000230
28.700000 0.000221
28.800000 0.000214
28.900000 0.000210
29.000000 0.000208
29.100000 0.000208
29.200000 0.000210
29.300000 0.000213
29.400000 0.000217
29.500000 0.000221
29.600000 0.000225
29.700000 0.000229
29.800000 0.000234
29.900000 0.000238
30.000000 0.000243
30.100000 0.000247
30.200000 0.000252
30.300000 0.000256
30.400000 0.000260
30.500000 0.000264
30.600000 0.000267
30.700000 0.000271
30.800000 0.000273
30.900000 0.000276
31.000000 0.000277
31.100000 0.000277
31.200000 0.000275
31.300000 0.000271
31.400000 0.000265
31.500000 0.000256
31.600000 0.000247
31.700000 0.000236
31.800000 0.000227
31.900000 0.000220
32.000000 0.000215
32.100000 0.000213
32.200000 0.000213
32.300000 0.000215
32.400000 0.000217
32.500000 0.000221
32.600000 0.000224
32.700000 0.000228
32.800000 0.000232
32.900000 0.000236
33.000000 0.000240
33.100000 0.000244
33.200000 0.000248
33.300000 0.000252
33.400000 0.000256
33.500000 0.000260
33.600000 0.000263
33.700000 0.000267
33.800000 0.000270
33.900000 0.000273
34.000000 0.000276
34.100000 0.000277
34.200000 0.000279
34.300000 0.000279
34.400000 0.000277
34.500000 0.000273
34.600000 0.000266
34.700000 0.000257
34.800000 0.000245
34.900000 0.000234
35.000000 0.000226
35.100000 0.000221
35.200000 0.000218
35.300000 0.000218
35.400000 0.000219
35.500000 0.000222
35.600000 0.000224
35.700000 0.000227
35.800000 0.000231
35.900000 0.000234
36.000000 0.000238
36.100000 0.000241
36.200000 0.000245
36.300000 0.000249
36.400000 0.000253
36.500000 0.000256
36.600000 0.000260
36.700000 0.000263
36.800000 0.000267
36.900000 0.000270
37.000000 0.000273
37.100000 0.000275
37.200000 0.000278
37.300000 0.000280
37.400000 0.000281
37.500000 0.000280
37.600000 0.000279
37.700000 0.000274
37.800000 0.000266
37.900000 0.000256
38.000000 0.000244
38.100000 0.000234
38.200000 0.000227
38.300000 0.000224
38.400000 0.000223
38.500000 0.000224
38.600000 0.000226
38.700000 0.000228
38.800000 0.000231
38.900000 0.000234
39.000000 0.000237
39.100000 0.000240
39.200000 0.000243
39.300000 0.000247
39.400000 0.000250
39.500000 0.000254
39.600000 0.000257
39.700000 0.000260
39.800000 0.000264
39.900000 0.000267
40.000000 0.000270
40.100000 0.000273
40.200000 0.000275
40.300000 0.000278
40.400000 0.000280
40.500000 0.000282
40.600000 0.000282
40.700000 0.000282
40.800000 0.000280
40.900000 0.000274
41.000000 0.000266
41.100000 0.000254
41.200000 0.000243
41.300000 0.000234
41.400000 0.000230
41.500000 0.000228
41.600000 0.000228
41.700000 0.000229
41.800000 0.000231
41.900000 0.000234
42.000000 0.000236
42.100000 0.000239
42.200000 0.000242
42.300000 0.000245
42.400000 0.000248
42.500000 0.000252
42.600000 0.000255
42.700000 0.000258
42.800000 0.000261
42.900000 0.000264
43.000000 0.000267
43.100000 0.000270
43.200000 0.000273
43.300000 0.000276
43.400000 0.000278
43.500000 0.000280
43.600000 0.000282
43.700000 0.000283
43.800000 0.000284
43.900000 0.000283
44.000000 0.000280
44.100000 0.000274
44.200000 0.000264
44.300000 0.000252
44.400000 0.000242
44.500000 0.000236
44.600000 0.000233
44.700000 0.000232
44.800000 0.000233
44.900000 0.000235
45.000000 0.000237
45.100000 0.000239
45.200000 0.000242
45.300000 0.000244
45.400000 0.000247
45.500000 0.000250
45.600000 0.000253
45.700000 0.000256
45.800000 0.000259
45.900000 0.000262
46.000000 0.000265
46.100000 0.000268
46.200000 0.000270
46.300000 0.000273
46.400000 0.000276
46.500000 0.000278
46.600000 0.000280
46.700000 0.000282
46.800000 0.000284
46.900000 0.000285
47.000000 0.000285
47.100000 0.000283
47.200000 0.000279
47.300000 0.000272
47.400000 0.000262
47.500000 0.000251
47.600000 0.000243
47.700000 0.000238
47.800000 0.000237
47.900000 0.000237
48.000000 0.000238
48.100000 0.000239
48.200000 0.000242
48.300000 0.000244
48.400000 0.000246
48.500000 0.000249
48.600000 0.000252
48.700000 0.000254
48.800000 0.000257
48.900000 0.000260
49.000000 0.000262
49.100000 0.000265
49.200000 0.000268
49.300000 0.000271
49.400000 0.000273
49.500000 0.000276
49.600000 0.000278
49.700000 0.000280
49.800000 0.000282
49.900000 0.000284
50.000000 0.000285
50.100000 0.000286
50.200000 0.000286
50.300000 0.000283
50.400000 0.000278
50.500000 0.000270
50.600000 0.000260
50.700000 0.000251
50.800000 0.000244
50.900000 0.000241
51.000000 0.000240
51.100000 0.000241
51.200000 0.000242
51.300000 0.000244
51.400000 0.000246
51.500000 0.000248
51.600000 0.000250
51.700000 0.000253
51.800000 0.000255
51.900000 0.000258
52.000000 0.000261
52.100000 0.000263
52.200000 0.000266
52.300000 0.000268
52.400000 0.000271
52.500000 0.000273
52.600000 0.000276
52.700000 0.000278
52.800000 0.000280
52.900000 0.000282
53.000000 0.000284
53.100000 0.000286
53.200000 0.000287
53.300000 0.000287
53.400000 0.000286
53.500000 0.000283
53.600000 0.000277
53.700000 0.000268
53.800000 0.000259
53.900000 0.000251
54.000000 0.000246
54.100000 0.000244
54.200000 0.000244
54.300000 0.000244
54.400000 0.000246
54.500000 0.000248
54.600000 0.000250
54.700000 0.000252
54.800000 0.000254
54.900000 0.000256
55.000000 0.000259
55.100000 0.000261
55.200000 0.000264
55.300000 0.000266
55.400000 0.000269
55.500000 0.000271
55.600000 0.000273
55.700000 0.000276
55.800000 0.000278
55.900000 0.000280
56.000000 0.000282
56.100000 0.000284
56.200000 0.000286
56.300000 0.000287
56.400000 0.000288
56.500000 0.000287
56.600000 0.000285
56.700000 0.000281
56.800000 0.000275
56.900000 0.000267
57.000000 0.000258
57.100000 0.000252
57.200000 0.000248
57.300000 0.000247
57.400000 0.000247
57.500000 0.000248
57.600000 0.000249
57.700000 0.000251
57.800000 0.000253
57.900000 0.000255
58.000000 0.000257
58.100000 0.000260
58.200000 0.000262
58.300000 0.000264
58.400000 0.000266
58.500000 0.000269
58.600000 0.000271
58.700000 0.000273
58.800000 0.000275
58.900000 0.000278
59.000000 0.000280
59.100000 0.000282
59.200000 0.000284
59.300000 0.000285
59.400000 0.000287
59.500000 0.000288
59.600000 0.000288
59.700000 0.000287
59.800000 0.000285
59.900000 0.000280
60.000000 0.000273
60.100000 0.000265
60.200000 0.000258
60.300000 0.000253
60.400000 0.000250
60.500000 0.000250
60.600000 0.000250
60.700000 0.000251
60.800000 0.000253
60.900000 0.000254
61.000000 0.000256
61.100000 0.000258
61.200000 0.000260
61.300000 0.000262
61.400000 0.000265
61.500000 0.000267
61.600000 0.000269
61.700000 0.000271
61.800000 0.000273
61.900000 0.000275
62.000000 0.000277
62.100000 0.000279
62.200000 0.000281
62.300000 0.000283
62.400000 0.000285
62.500000 0.000286
62.600000 0.000288
62.700000 0.000288
62.800000 0.000288
62.900000 0.000287
63.000000 0.000284
63.100000 0.000278
63.200000 0.000271
63.300000 0.000264
63.400000 0.000258
63.500000 0.000254
63.600000 0.000252
63.700000 0.000252
63.800000 0.000253
63.900000 0.000254
64.000000 0.000255
64.100000 0.000257
64.200000 0.000259
64.300000 0.000261
64.400000 0.000263
64.500000 0.000265
64.600000 0.000267
64.700000 0.000269
64.800000 0.000271
64.900000 0.000273
65.000000 0.000275
65.100000 0.000277
65.200000 0.000279
65.300000 0.000281
65.400000 0.000283
65.500000 0.000285
65.600000 0.000286
65.700000 0.000287
65.800000 0.000288
65.900000 0.000289
66.000000 0.000288
66.100000 0.000286
66.200000 0.000282
66.300000 0.000277
66.400000 0.000270
66.500000 0.000263
66.600000 0.000259
66.700000 0.000256
66.800000 0.000255
66.900000 0.000255
67.000000 0.000255
67.100000 0.000257
67.200000 0.000258
67.300000 0.000260
67.400000 0.000262
67.500000 0.000263
67.600000 0.000265
67.700000 0.000267
67.800000 0.000269
67.900000 0.000271
68.000000 0.000273
68.100000 0.000275
68.200000 0.000277
68.300000 0.000279
68.400000 0.000281
68.500000 0.000282
68.600000 0.000284
68.700000 0.000286
68.800000 0.000287
68.900000 0.000288
69.000000 0.000289
69.100000 0.000289
69.200000 0.000288
69.300000 0.000285
69.400000 0.000281
69.500000 0.000275
69.600000 0.000269
69.700000 0.000263
69.800000 0.000259
69.900000 0.000257
70.000000 0.000257
70.100000 0.000257
70.200000 0.000258
70.300000 0.000259
70.400000 0.000260
70.500000 0.000262
70.600000 0.000264
70.700000 0.000266
70.800000 0.000267
70.900000 0.000269
71.000000 0.000271
71.100000 0.000273
71.200000 0.000275
71.300000 0.000277
71.400000 0.000279
71.500000 0.000280
71.600000 0.000282
71.700000 0.000284
71.800000 0.000285
71.900000 0.000287
72.000000 0.000288
72.100000 0.000289
72.200000 0.000289
72.300000 0.000289
72.400000 0.000287
72.500000 0.000284
72.600000 0.000279
72.700000 0.000274
72.800000 0.000268
72.900000 0.000263
73.000000 0.000260
73.100000 0.000259
73.200000 0.000258
73.300000 0.000259
73.400000 0.000260
73.500000 0.000261
73.600000 0.000263
73.700000 0.000264
73.800000 0.000266
73.900000 0.000268
74.000000 0.000269
74.100000 0.000271
74.200000 0.000273
74.300000 0.000275
74.400000 0.000276
74.500000 0.000278
74.600000 0.000280
74.700000 0.000282
74.800000 0.000283
74.900000 0.000285
75.000000 0.000286
75.100000 0.000288
75.200000 0.000289
75.300000 0.000289
75.400000 0.000289
75.500000 0.000288
75.600000 0.000286
75.700000 0.000283
75.800000 0.000278
75.900000 0.000272
76.000000 0.000267
76.100000 0.000264
76.200000 0.000261
76.300000 0.000260
76.400000 0.000260
76.500000 0.000261
76.600000 0.000262
76.700000 0.000263
76.800000 0.000265
76.900000 0.000266
77.000000 0.000268
77.100000 0.000269
77.200000 0.000271
77.300000 0.000273
77.400000 0.000274
77.500000 0.000276
77.600000 0.000278
77.700000 0.000280
77.800000 0.000281
77.900000 0.000283
78.000000 0.000284
78.100000 0.000286
78.200000 0.000287
78.300000 0.000288
78.400000 0.000289
78.500000 0.000289
78.600000 0.000289
78.700000 0.000288
78.800000 0.000285
78.900000 0.000281
79.000000 0.000276
79.100000 0.000272
79.200000 0.000267
79.300000 0.000264
79.400000 0.000262
79.500000 0.000262
79.600000 0.000262
79.700000 0.000263
79.800000 0.000264
79.900000 0.000265
80.000000 0.000266
80.100000 0.000268
80.200000 0.000269
80.300000 0.000271
80.400000 0.000273
80.500000 0.000274
80.600000 0.000276
80.700000 0.000278
80.800000 0.000279
80.900000 0.000281
81.000000 0.000282
81.100000 0.000284
81.200000 0.000285
81.300000 0.000287
81.400000 0.000288
81.500000 0.000289
81.600000 0.000289
81.700000 0.000289
81.800000 0.000289
81.900000 0.000287
82.000000 0.000284
82.100000 0.000280
82.200000 0.000275
82.300000 0.000271
82.400000 0.000267
82.500000 0.000265
82.600000 0.000263
82.700000 0.000263
82.800000 0.000263
82.900000 0.000264
83.000000 0.000265
83.100000 0.000267
83.200000 0.000268
83.300000 0.000269
83.400000 0.000271
83.500000 0.000273
83.600000 0.000274
83.700000 0.000276
83.800000 0.000277
83.900000 0.000279
84.000000 0.000280
84.100000 0.000282
84.200000 0.000283
84.300000 0.000285
84.400000 0.000286
84.500000 0.000287
84.600000 0.000288
84.700000 0.000289
84.800000 0.000289
84.900000 0.000289
85.000000 0.000288
85.100000 0.000286
85.200000 0.000283
85.300000 0.000279
85.400000 0.000274
85.500000 0.000270
85.600000 0.000267
85.700000 0.000266
85.800000 0.000265
85.900000 0.000265
86.000000 0.000265
86.100000 0.000266
86.200000 0.000267
86.300000 0.000268
86.400000 0.000270
86.500000 0.000271
86.600000 0.000272
86.700000 0.000274
86.800000 0.000275
86.900000 0.000277
87.000000 0.000278
87.100000 0.000280
87.200000 0.000281
87.300000 0.000283
87.400000 0.000284
87.500000 0.000286
87.600000 0.000287
87.700000 0.000288
87.800000 0.000289
87.900000 0.000289
88.000000 0.000289
88.100000 0.000289
88.200000 0.000287
88.300000 0.000285
88.400000 0.000282
88.500000 0.000278
88.600000 0.000274
88.700000 0.000270
88.800000 0.000268
88.900000 0.000266
89.000000 0.000266
89.100000 0.000266
89.200000 0.000266
89.300000 0.000267
89.400000 0.000268
89.500000 0.000270
89.600000 0.000271
89.700000 0.000272
89.800000 0.000274
89.900000 0.000275
90.000000 0.000277
90.100000 0.000278
90.200000 0.000280
90.300000 0.000281
90.400000 0.000282
90.500000 0.000284
90.600000 0.000285
90.700000 0.000286
90.800000 0.000287
90.900000 0.000288
91.000000 0.000289
91.100000 0.000289
91.200000 0.000289
91.300000 0.000288
91.400000 0.000287
91.500000 0.000284
91.600000 0.000281
91.700000 0.000277
91.800000 0.000273
91.900000 0.000270
92.000000 0.000268
92.100000 0.000267
92.200000 0.000267
92.300000 0.000267
92.400000 0.000268
92.500000 0.000269
92.600000 0.000270
92.700000 0.000271
92.800000 0.000272
92.900000 0.000274
93.000000 0.000275
93.100000 0.000276
93.200000 0.000278
93.300000 0.000279
93.400000 0.000280
93.500000 0.000282
93.600000 0.000283
93.700000 0.000285
93.800000 0.000286
93.900000 0.000287
94.000000 0.000288
94.100000 0.000289
94.200000 0.000289
94.300000 0.000289
94.400000 0.000289
94.500000 0.000288
94.600000 0.000286
94.700000 0.000283
94.800000 0.000280
94.900000 0.000276
95.000000 0.000273
95.100000 0.000270
95.200000 0.000269
95.300000 0.000268
95.400000 0.000268
95.500000 0.000268
95.600000 0.000269
95.700000 0.000270
95.800000 0.000271
95.900000 0.000272
96.000000 0.000273
96.100000 0.000275
96.200000 0.000276
96.300000 0.000277
96.400000 0.000279
96.500000 0.000280
96.600000 0.000281
96.700000 0.000283
96.800000 0.000284
96.900000 0.000285
97.000000 0.000286
97.100000 0.000287
97.200000 0.000288
97.300000 0.000289
97.400000 0.000289
97.500000 0.000289
97.600000 0.000288
97.700000 0.000287
97.800000 0.000285
97.900000 0.000282
98.000000 0.000279
98.100000 0.000275
98.200000 0.000273
98.300000 0.000271
98.400000 0.000269
98.500000 0.000269
98.600000 0.000269
98.700000 0.000269
98.800000 0.000270
98.900000 0.000271
99.000000 0.000272
99.100000 0.000273
99.200000 0.000275
99.300000 0.000276
99.400000 0.000277
99.500000 0.000278
99.600000 0.000280
99.700000 0.000281
99.800000 0.000282
99.900000 0.000284
100.000000 0.000285
100.100000 0.000286
100.200000 0.000287
100.300000 0.000288
100.400000 0.000289
100.500000 0.000289
100.600000 0.000289
100.700000 0.000289
100.800000 0.000288
100.900000 0.000286
101.000000 0.000284
101.100000 0.000281
101.200000 0.000278
101.300000 0.000275
101.400000 0.000273
101.500000 0.000271
101.600000 0.000270
101.700000 0.000270
101.800000 0.000270
101.900000 0.000270
102.000000 0.000271
102.100000 0.000272
102.200000 0.000273
102.300000 0.000274
102.400000 0.000276
102.500000 0.000277
102.600000 0.000278
102.700000 0.000279
102.800000 0.000281
102.900000 0.000282
103.000000 0.000283
103.100000 0.000284
103.200000 0.000285
103.300000 0.000286
103.400000 0.000287
103.500000 0.000288
103.600000 0.000289
103.700000 0.000289
103.800000 0.000289
103.900000 0.000289
104.000000 0.000287
104.100000 0.000286
104.200000 0.000283
104.300000 0.000280
104.400000 0.000277
104.500000 0.000275
104.600000 0.000273
104.700000 0.000271
104.800000 0.000271
104.900000 0.000270
105.000000 0.000271
105.100000 0.000271
105.200000 0.000272
105.300000 0.000273
105.400000 0.000274
105.500000 0.000275
105.600000 0.000277
105.700000 0.000278
105.800000 0.000279
105.900000 0.000280
106.000000 0.000281
106.100000 0.000283
106.200000 0.000284
106.300000 0.000285
106.400000 0.000286
106.500000 0.000287
106.600000 0.000288
106.700000 0.000289
106.800000 0.000289
106.900000 0.000289
107.000000 0.000289
107.100000 0.000288
107.200000 0.000287
107.300000 0.000285
107.400000 0.000282
107.500000 0.000279
107.600000 0.000277
107.700000 0.000274
107.800000 0.000273
107.900000 0.000272
108.000000 0.000271
108.100000 0.000271
108.200000 0.000272
108.300000 0.000272
108.400000 0.000273
108.500000 0.000274
108.600000 0.000275
108.700000 0.000276
108.800000 0.000277
108.900000 0.000279
109.000000 0.000280
109.100000 0.000281
109.200000 0.000282
109.300000 0.000283
109.400000 0.000284
109.500000 0.000285
109.600000 0.000286
109.700000 0.000287
109.800000 0.000288
109.900000 0.000289
110.000000 0.000289
110.100000 0.000289
110.200000 0.000289
110.300000 0.000288
110.400000 0.000286
110.500000 0.000284
110.600000 0.000281
110.700000 0.000279
110.800000 0.000276
110.900000 0.000274
111.000000 0.000273
111.100000 0.000272
111.200000 0.000272
111.300000 0.000272
111.400000 0.000273
111.500000 0.000273
111.600000 0.000274
111.700000 0.000275
111.800000 0.000276
111.900000 0.000277
112.000000 0.000278
112.100000 0.000279
112.200000 0.000281
112.300000 0.000282
112.400000 0.000283
112.500000 0.000284
112.600000 0.000285
112.700000 0.000286
112.800000 0.000287
112.900000 0.000288
113.000000 0.000288
113.100000 0.000289
113.200000 0.000289
113.300000 0.000289
113.400000 0.000288
113.500000 0.000287
113.600000 0.000285
113.700000 0.000283
113.800000 0.000281
113.900000 0.000278
114.000000 0.000276
114.100000 0.000274
114.200000 0.000273
114.300000 0.000273
114.400000 0.000273
114.500000 0.000273
114.600000 0.000273
114.700000 0.000274
114.800000 0.000275
114.900000 0.000276
115.000000 0.000277
115.100000 0.000278
115.200000 0.000279
115.300000 0.000280
115.400000 0.000281
115.500000 0.000282
115.600000 0.000283
115.700000 0.000285
115.800000 0.000286
115.900000 0.000286
116.000000 0.000287
116.100000 0.000288
116.200000 0.000289
116.300000 0.000289
116.400000 0.000289
116.500000 0.000289
116.600000 0.000288
116.700000 0.000286
116.800000 0.000285
116.900000 0.000282
117.000000 0.000280
117.100000 0.000278
117.200000 0.000276
117.300000 0.000275
117.400000 0.000274
117.500000 0.000273
117.600000 0.000273
117.700000 0.000274
117.800000 0.000274
117.900000 0.000275
118.000000 0.000276
118.100000 0.000277
118.200000 0.000278
118.300000 0.000279
118.400000 0.000280
118.500000 0.000281
118.600000 0.000282
118.700000 0.000283
118.800000 0.000284
118.900000 0.000285
119.000000 0.000286
119.100000 0.000287
119.200000 0.000288
119.300000 0.000288
119.400000 0.000289
119.500000 0.000289
119.600000 0.000289
119.700000 0.000288
119.800000 0.000287
119.900000 0.000286
120.000000 0.000284
120.100000 0.000282
120.200000 0.000280
120.300000 0.000278
120.400000 0.000276
120.500000 0.000275
120.600000 0.000274
120.700000 0.000274
120.800000 0.000274
120.900000 0.000274
121.000000 0.000275
121.100000 0.000276
121.200000 0.000277
121.300000 0.000277
121.400000 0.000278
121.500000 0.000279
121.600000 0.000280
121.700000 0.000282
121.800000 0.000283
121.900000 0.000284
122.000000 0.000285
122.100000 0.000286
122.200000 0.000286
122.300000 0.000287
122.400000 0.000288
122.500000 0.000289
122.600000 0.000289
122.700000 0.000289
122.800000 0.000289
122.900000 0.000288
123.000000 0.000287
123.100000 0.000285
123.200000 0.000283
123.300000 0.000281
123.400000 0.000279
123.500000 0.000277
123.600000 0.000276
123.700000 0.000275
123.800000 0.000274
123.900000 0.000274
124.000000 0.000275
124.100000 0.000275
124.200000 0.000276
124.300000 0.000276
124.400000 0.000277
124.500000 0.000278
124.600000 0.000279
124.700000 0.000280
124.800000 0.000281
124.900000 0.000282
125.000000 0.000283
125.100000 0.000284
125.200000 0.000285
125.300000 0.000286
125.400000 0.000287
125.500000 0.000288
125.600000 0.000288
125.700000 0.000289
125.800000 0.000289
125.900000 0.000289
126.000000 0.000288
126.100000 0.000287
126.200000 0.000286
126.300000 0.000285
126.400000 0.000283
126.500000 0.000281
126.600000 0.000279
126.700000 0.000277
126.800000 0.000276
126.900000 0.000275
127.000000 0.000275
127.100000 0.000275
127.200000 0.000275
127.300000 0.000276
127.400000 0.000276
127.500000 0.000277
127.600000 0.000278
127.700000 0.000279
127.800000 0.000280
127.900000 0.000281
128.000000 0.000282
128.100000 0.000283
128.200000 0.000284
128.300000 0.000285
128.400000 0.000286
128.500000 0.000286
128.600000 0.000287
128.700000 0.000288
128.800000 0.000288
128.900000 0.000289
129.000000 0.000289
129.100000 0.000289
129.200000 0.000288
129.300000 0.000287
129.400000 0.000286
129.500000 0.000284
129.600000 0.000282
129.700000 0.000280
129.800000 0.000279
129.900000 0.000277
130.000000 0.000276
130.100000 0.000276
130.200000 0.000275
130.300000 0.000275
130.400000 0.000276
130.500000 0.000276
130.600000 0.000277
130.700000 0.000278
130.800000 0.000279
130.900000 0.000280
131.000000 0.000280
131.100000 0.000281
131.200000 0.000282
131.300000 0.000283
131.400000 0.000284
131.500000 0.000285
131.600000 0.000286
131.700000 0.000287
131.800000 0.000287
131.900000 0.000288
132.000000 0.000289
132.100000 0.000289
132.200000 0.000289
132.300000 0.000288
132.400000 0.000288
132.500000 0.000287
132.600000 0.000285
132.700000 0.000283
132.800000 0.000282
132.900000 0.000280
133.000000 0.000278
133.100000 0.000277
133.200000 0.000276
133.300000 0.000276
133.400000 0.000276
133.500000 0.000276
133.600000 0.000276
133.700000 0.000277
133.800000 0.000278
133.900000 0.000278
134.000000 0.000279
134.100000 0.000280
134.200000 0.000281
134.300000 0.000282
134.400000 0.000283
134.500000 0.000284
134.600000 0.000285
134.700000 0.000286
134.800000 0.000286
134.900000 0.000287
135.000000 0.000288
135.100000 0.000288
135.200000 0.000289
135.300000 0.000289
135.400000 0.000289
135.500000 0.000288
135.600000 0.000287
135.700000 0.000286
135.800000 0.000285
135.900000 0.000283
136.000000 0.000281
136.100000 0.000280
136.200000 0.000278
136.300000 0.000277
136.400000 0.000277
136.500000 0.000276
136.600000 0.000276
136.700000 0.000277
136.800000 0.000277
136.900000 0.000278
137.000000 0.000278
137.100000 0.000279
137.200000 0.000280
137.300000 0.000281
137.400000 0.000282
137.500000 0.000282
137.600000 0.000283
137.700000 0.000284
137.800000 0.000285
137.900000 0.000286
138.000000 0.000287
138.100000 0.000287
138.200000 0.000288
138.300000 0.000288
138.400000 0.000289
138.500000 0.000289
138.600000 0.000288
138.700000 0.000288
138.800000 0.000287
138.900000 0.000286
139.000000 0.000284
139.100000 0.000282
139.200000 0.000281
139.300000 0.000279
139.400000 0.000278
139.500000 0.000277
139.600000 0.000277
139.700000 0.000277
139.800000 0.000277
139.900000 0.000277
140.000000 0.000278
140.100000 0.000278
140.200000 0.000279
140.300000 0.000280
140.400000 0.000280
140.500000 0.000281
140.600000 0.000282
140.700000 0.000283
140.800000 0.000284
140.900000 0.000285
141.000000 0.000286
141.100000 0.000286
141.200000 0.000287
141.300000 0.000288
141.400000 0.000288
141.500000 0.000288
141.600000 0.000289
141.700000 0.000288
141.800000 0.000288
141.900000 0.000287
142.000000 0.000286
142.100000 0.000285
142.200000 0.000284
142.300000 0.000282
142.400000 0.000281
142.500000 0.000279
142.600000 0.000278
142.700000 0.000278
142.800000 0.000277
142.900000 0.000277
143.000000 0.000277
143.100000 0.000278
143.200000 0.000278
143.300000 0.000279
143.400000 0.000279
143.500000 0.000280
143.600000 0.000281
143.700000 0.000282
143.800000 0.000283
143.900000 0.000283
144.000000 0.000284
144.100000 0.000285
144.200000 0.000286
144.300000 0.000287
144.400000 0.000287
144.500000 0.000288
144.600000 0.000288
144.700000 0.000288
144.800000 0.000289
144.900000 0.000288
145.000000 0.000288
145.100000 0.000287
145.200000 0.000286
145.300000 0.000285
145.400000 0.000283
145.500000 0.000282
145.600000 0.000280
145.700000 0.000279
145.800000 0.000278
145.900000 0.000278
146.000000 0.000277
146.100000 0.000277
146.200000 0.000278
146.300000 0.000278
146.400000 0.000279
146.500000 0.000279
146.600000 0.000280
146.700000 0.000281
146.800000 0.000281
146.900000 0.000282
147.000000 0.000283
147.100000 0.000284
147.200000 0.000285
147.300000 0.000286
147.400000 0.000286
147.500000 0.000287
147.600000 0.000287
147.700000 0.000288
147.800000 0.000288
147.900000 0.000288
148.000000 0.000288
148.100000 0.000288
148.200000 0.000287
148.300000 0.000287
148.400000 0.000285
148.500000 0.000284
148.600000 0.000283
148.700000 0.000281
148.800000 0.000280
148.900000 0.000279
149.000000 0.000278
149.100000 0.000278
149.200000 0.000278
149.300000 0.000278
149.400000 0.000278
149.500000 0.000279
149.600000 0.000279
149.700000 0.000280
149.800000 0.000280
149.900000 0.000281
150.000000 0.000282
150.100000 0.000283
150.200000 0.000284
150.300000 0.000284
150.400000 0.000285
150.500000 0.000286
150.600000 0.000287
150.700000 0.000287
150.800000 0.000288
150.900000 0.000288
151.000000 0.000288
151.100000 0.000288
151.200000 0.000288
151.300000 0.000288
151.400000 0.000287
151.500000 0.000286
151.600000 0.000285
151.700000 0.000284
151.800000 0.000282
151.900000 0.000281
152.000000 0.000280
152.100000 0.000279
152.200000 0.000279
152.300000 0.000278
152.400000 0.000278
152.500000 0.000278
152.600000 0.000279
152.700000 0.000279
152.800000 0.000280
152.900000 0.000280
153.000000 0.000281
153.100000 0.000282
153.200000 0.000282
153.300000 0.000283
153.400000 0.000284
153.500000 0.000285
153.600000 0.000285
153.700000 0.000286
153.800000 0.000287
153.900000 0.000287
154.000000 0.000288
154.100000 0.000288
154.200000 0.000288
154.300000 0.000288
154.400000 0.000288
154.500000 0.000288
154.600000 0.000287
154.700000 0.000286
154.800000 0.000285
154.900000 0.000283
155.000000 0.000282
155.100000 0.000281
155.200000 0.000280
155.300000 0.000279
155.400000 0.000279
155.500000 0.000278
155.600000 0.000278
155.700000 0.000279
155.800000 0.000279
155.900000 0.000279
156.000000 0.000280
156.100000 0.000281
156.200000 0.000281
156.300000 0.000282
156.400000 0.000283
156.500000 0.000284
156.600000 0.000284
156.700000 0.000285
156.800000 0.000286
156.900000 0.000286
157.000000 0.000287
157.100000 0.000288
157.200000 0.000288
157.300000 0.000288
157.400000 0.000288
157.500000 0.000288
157.600000 0.000288
157.700000 0.000287
157.800000 0.000286
157.900000 0.000285
158.000000 0.000284
158.100000 0.000283
158.200000 0.000282
158.300000 0.000281
158.400000 0.000280
158.500000 0.000279
158.600000 0.000279
158.700000 0.000279
158.800000 0.000279
158.900000 0.000279
159.000000 0.000279
159.100000 0.000280
159.200000 0.000280
159.300000 0.000281
159.400000 0.000282
159.500000 0.000283
159.600000 0.000283
159.700000 0.000284
159.800000 0.000285
159.900000 0.000285
160.000000 0.000286
160.100000 0.000287
160.200000 0.000287
160.300000 0.000288
160.400000 0.000288
160.500000 0.000288
160.600000 0.000288
160.700000 0.000288
160.800000 0.000288
160.900000 0.000287
161.000000 0.000286
161.100000 0.000285
161.200000 0.000284
161.300000 0.000283
161.400000 0.000282
161.500000 0.000281
161.600000 0.000280
161.700000 0.000279
161.800000 0.000279
161.900000 0.000279
162.000000 0.000279
162.100000 0.000279
162.200000 0.000280
162.300000 0.000280
162.400000 0.000281
162.500000 0.000282
162.600000 0.000282
162.700000 0.000283
162.800000 0.000284
162.900000 0.000284
163.000000 0.000285
163.100000 0.000286
163.200000 0.000286
163.300000 0.000287
163.400000 0.000287
163.500000 0.000288
163.600000 0.000288
163.700000 0.000288
163.800000 0.000288
163.900000 0.000288
164.000000 0.000287
164.100000 0.000287
164.200000 0.000286
164.300000 0.000285
164.400000 0.000284
164.500000 0.000282
164.600000 0.000281
164.700000 0.000281
164.800000 0.000280
164.900000 0.000279
165.000000 0.000279
165.100000 0.000279
165.200000 0.000279
165.300000 0.000280
165.400000 0.000280
165.500000 0.000281
165.600000 0.000281
165.700000 0.000282
165.800000 0.000283
165.900000 0.000283
166.000000 0.000284
166.100000 0.000285
166.200000 0.000285
166.300000 0.000286
166.400000 0.000287
166.500000 0.000287
166.600000 0.000288
166.700000 0.000288
166.800000 0.000288
166.900000 0.000288
167.000000 0.000288
167.100000 0.000288
167.200000 0.000287
167.300000 0.000286
167.400000 0.000285
167.500000 0.000284
167.600000 0.000283
167.700000 0.000282
167.800000 0.000281
167.900000 0.000281
168.000000 0.000280
168.100000 0.000280
168.200000 0.000280
168.300000 0.000280
168.400000 0.000280
168.500000 0.000280
168.600000 0.000281
168.700000 0.000281
168.800000 0.000282
168.900000 0.000282
169.000000 0.000283
169.100000 0.000284
169.200000 0.000284
169.300000 0.000285
169.400000 0.000286
169.500000 0.000286
169.600000 0.000287
169.700000 0.000287
169.800000 0.000288
169.900000 0.000288
170.000000 0.000288
170.100000 0.000288
170.200000 0.000288
170.300000 0.000287
170.400000 0.000287
170.500000 0.000286
170.600000 0.000285
170.700000 0.000284
170.800000 0.000283
170.900000 0.000282
171.000000 0.000281
171.100000 0.000281
171.200000 0.000280
171.300000 0.000280
171.400000 0.000280
171.500000 0.000280
171.600000 0.000280
171.700000 0.000281
171.800000 0.000281
171.900000 0.000282
172.000000 0.000282
172.100000 0.000283
172.200000 0.000283
172.300000 0.000284
172.400000 0.000285
172.500000 0.000285
172.600000 0.000286
172.700000 0.000287
172.800000 0.000287
172.900000 0.000287
173.000000 0.000288
173.100000 0.000288
173.200000 0.000288
173.300000 0.000288
173.400000 0.000288
173.500000 0.000287
173.600000 0.000287
173.700000 0.000286
173.800000 0.000285
173.900000 0.000284
174.000000 0.000283
174.100000 0.000282
174.200000 0.000281
174.300000 0.000281
174.400000 0.000280
174.500000 0.000280
174.600000 0.000280
174.700000 0.000280
174.800000 0.000280
174.900000 0.000281
175.000000 0.000281
175.100000 0.000282
175.200000 0.000283
175.300000 0.000283
175.400000 0.000284
175.500000 0.000284
175.600000 0.000285
175.700000 0.000286
175.800000 0.000286
175.900000 0.000287
176.000000 0.000287
176.100000 0.000288
176.200000 0.000288
176.300000 0.000288
176.400000 0.000288
176.500000 0.000288
176.600000 0.000287
176.700000 0.000287
176.800000 0.000286
176.900000 0.000285
177.000000 0.000284
177.100000 0.000283
177.200000 0.000283
177.300000 0.000282
177.400000 0.000281
177.500000 0.000281
177.600000 0.000280
177.700000 0.000280
177.800000 0.000280
177.900000 0.000281
178.000000 0.000281
178.100000 0.000281
178.200000 0.000282
178.300000 0.000282
178.400000 0.000283
178.500000 0.000283
178.600000 0.000284
178.700000 0.000285
178.800000 0.000285
178.900000 0.000286
179.000000 0.000286
179.100000 0.000287
179.200000 0.000287
179.300000 0.000288
179.400000 0.000288
179.500000 0.000288
179.600000 0.000288
179.700000 0.000288
179.800000 0.000287
179.900000 0.000287
180.000000 0.000286
180.100000 0.000285
180.200000 0.000284
180.300000 0.000283
180.400000 0.000282
180.500000 0.000282
180.600000 0.000281
180.700000 0.000281
180.800000 0.000281
180.900000 0.000280
181.000000 0.000281
181.100000 0.000281
181.200000 0.000281
181.300000 0.000282
181.400000 0.000282
181.500000 0.000283
181.600000 0.000283
181.700000 0.000284
181.800000 0.000284
181.900000 0.000285
182.000000 0.000286
182.100000 0.000286
182.200000 0.000287
182.300000 0.000287
182.400000 0.000287
182.500000 0.000288
182.600000 0.000288
182.700000 0.000288
182.800000 0.000288
182.900000 0.000287
183.000000 0.000287
183.100000 0.000286
183.200000 0.000286
183.300000 0.000285
183.400000 0.000284
183.500000 0.000283
183.600000 0.000282
183.700000 0.000282
183.800000 0.000281
183.900000 0.000281
184.000000 0.000281
184.100000 0.000281
184.200000 0.000281
184.300000 0.000281
184.400000 0.000281
184.500000 0.000282
184.600000 0.000282
184.700000 0.000283
184.800000 0.000284
184.900000 0.000284
185.000000 0.000285
185.100000 0.000285
185.200000 0.000286
185.300000 0.000286
185.400000 0.000287
185.500000 0.000287
185.600000 0.000288
185.700000 0.000288
185.800000 0.000288
185.900000 0.000288
186.000000 0.000288
186.100000 0.000287
186.200000 0.000287
186.300000 0.000286
186.400000 0.000285
186.500000 0.000285
186.600000 0.000284
186.700000 0.000283
186.800000 0.000282
186.900000 0.000282
187.000000 0.000281
187.100000 0.000281
187.200000 0.000281
187.300000 0.000281
187.400000 0.000281
187.500000 0.000281
187.600000 0.000282
187.700000 0.000282
187.800000 0.000283
187.900000 0.000283
188.000000 0.000284
188.100000 0.000284
188.200000 0.000285
188.300000 0.000286
188.400000 0.000286
188.500000 0.000287
188.600000 0.000287
188.700000 0.000287
188.800000 0.000288
188.900000 0.000288
189.000000 0.000288
189.100000 0.000288
189.200000 0.000288
189.300000 0.000287
189.400000 0.000287
189.500000 0.000286
189.600000 0.000285
189.700000 0.000284
189.800000 0.000283
189.900000 0.000283
190.000000 0.000282
190.100000 0.000282
190.200000 0.000281
190.300000 0.000281
190.400000 0.000281
190.500000 0.000281
190.600000 0.000281
190.700000 0.000282
190.800000 0.000282
190.900000 0.000283
191.000000 0.000283
191.100000 0.000284
191.200000 0.000284
191.300000 0.000285
191.400000 0.000285
191.500000 0.000286
191.600000 0.000286
191.700000 0.000287
191.800000 0.000287
191.900000 0.000287
192.000000 0.000288
192.100000 0.000288
192.200000 0.000288
192.300000 0.000288
192.400000 0.000287
192.500000 0.000287
192.600000 0.000286
192.700000 0.000286
192.800000 0.000285
192.900000 0.000284
193.000000 0.000283
193.100000 0.000283
193.200000 0.000282
193.300000 0.000282
193.400000 0.000281
193.500000 0.000281
193.600000 0.000281
193.700000 0.000281
193.800000 0.000282
193.900000 0.000282
194.000000 0.000282
194.100000 0.000283
194.200000 0.000283
194.300000 0.000284
194.400000 0.000284
194.500000 0.000285
194.600000 0.000286
194.700000 0.000286
194.800000 0.000287
194.900000 0.000287
195.000000 0.000287
195.100000 0.000288
195.200000 0.000288
195.300000 0.000288
195.400000 0.000288
195.500000 0.000288
195.600000 0.000287
195.700000 0.000287
195.800000 0.000286
195.900000 0.000285
196.000000 0.000285
196.100000 0.000284
196.200000 0.000283
196.300000 0.000283
196.400000 0.000282
196.500000 0.000282
196.600000 0.000281
196.700000 0.000281
196.800000 0.000281
196.900000 0.000282
197.000000 0.000282
197.100000 0.000282
197.200000 0.000283
197.300000 0.000283
197.400000 0.000284
197.500000 0.000284
197.600000 0.000285
197.700000 0.000285
197.800000 0.000286
197.900000 0.000286
198.000000 0.000287
198.100000 0.000287
198.200000 0.000287
198.300000 0.000288
198.400000 0.000288
198.500000 0.000288
198.600000 0.000288
198.700000 0.000287
198.800000 0.000287
198.900000 0.000286
199.000000 0.000286
199.100000 0.000285
199.200000 0.000284
199.300000 0.000284
199.400000 0.000283
199.500000 0.000282
199.600000 0.000282
199.700000 0.000282
199.800000 0.000282
199.900000 0.000282
200.000000 0.000282
200.100000 0.000282
200.200000 0.000282
200.300000 0.000283
200.400000 0.000283
200.500000 0.000283
200.600000 0.000284
200.700000 0.000284
200.800000 0.000285
200.900000 0.000285
201.000000 0.000286
201.100000 0.000286
201.200000 0.000287
201.300000 0.000287
201.400000 0.000287
201.500000 0.000288
201.600000 0.000288
201.700000 0.000288
201.800000 0.000288
201.900000 0.000287
202.000000 0.000287
202.100000 0.000286
202.200000 0.000286
202.300000 0.000285
202.400000 0.000284
202.500000 0.000284
202.600000 0.000283
202.700000 0.000282
202.800000 0.000282
202.900000 0.000282
203.000000 0.000282
203.100000 0.000282
203.200000 0.000282
203.300000 0.000282
203.400000 0.000282
203.500000 0.000283
203.600000 0.000283
203.700000 0.000284
203.800000 0.000284
203.900000 0.000285
204.000000 0.000285
204.100000 0.000286
204.200000 0.000286
204.300000 0.000287
204.400000 0.000287
204.500000 0.000287
204.600000 0.000288
204.700000 0.000288
204.800000 0.000288
204.900000 0.000288
205.000000 0.000287
205.100000 0.000287
205.200000 0.000287
205.300000 0.000286
205.400000 0.000285
205.500000 0.000285
205.600000 0.000284
205.700000 0.000283
205.800000 0.000283
205.900000 0.000282
206.000000 0.000282
206.100000 0.000282
206.200000 0.000282
206.300000 0.000282
206.400000 0.000282
206.500000 0.000282
206.600000 0.000283
206.700000 0.000283
206.800000 0.000284
206.900000 0.000284
207.000000 0.000284
207.100000 0.000285
207.200000 0.000285
207.300000 0.000286
207.400000 0.000286
207.500000 0.000287
207.600000 0.000287
207.700000 0.000287
207.800000 0.000288
207.900000 0.000288
208.000000 0.000288
208.100000 0.000287
208.200000 0.000287
208.300000 0.000287
208.400000 0.000286
208.500000 0.000286
208.600000 0.000285
208.700000 0.000285
208.800000 0.000284
208.900000 0.000283
209.000000 0.000283
209.100000 0.000282
209.200000 0.000282
209.300000 0.000282
209.400000 0.000282
209.500000 0.000282
209.600000 0.000282
209.700000 0.000283
209.800000 0.000283
209.900000 0.000283
210.000000 0.000284
210.100000 0.000284
210.200000 0.000285
210.300000 0.000285
210.400000 0.000286
210.500000 0.000286
210.600000 0.000287
210.700000 0.000287
210.800000 0.000287
210.900000 0.000287
211.000000 0.000288
211.100000 0.000288
211.200000 0.000288
211.300000 0.000287
211.400000 0.000287
211.500000 0.000287
211.600000 0.000286
211.700000 0.000286
211.800000 0.000285
211.900000 0.000284
212.000000 0.000284
212.100000 0.000283
212.200000 0.000283
212.300000 0.000282
212.400000 0.000282
212.500000 0.000282
212.600000 0.000282
212.700000 0.000282
212.800000 0.000283
212.900000 0.000283
213.000000 0.000283
213.100000 0.000284
213.200000 0.000284
213.300000 0.000284
213.400000 0.000285
213.500000 0.000285
213.600000 0.000286
213.700000 0.000286
213.800000 0.000287
213.900000 0.000287
214.000000 0.000287
214.100000 0.000287
214.200000 0.000288
214.300000 0.000288
214.400000 0.000287
214.500000 0.000287
214.600000 0.000287
214.700000 0.000286
214.800000 0.000286
214.900000 0.000285
215.000000 0.000285
215.100000 0.000284
215.200000 0.000284
215.300000 0.000283
215.400000 0.000283
215.500000 0.000283
215.600000 0.000282
215.700000 0.000282
215.800000 0.000282
215.900000 0.000283
216.000000 0.000283
216.100000 0.000283
216.200000 0.000283
216.300000 0.000284
216.400000 0.000284
216.500000 0.000285
216.600000 0.000285
216.700000 0.000286
216.800000 0.000286
216.900000 0.000286
217.000000 0.000287
217.100000 0.000287
217.200000 0.000287
217.300000 0.000287
217.400000 0.000288
217.500000 0.000288
217.600000 0.000287
217.700000 0.000287
217.800000 0.000287
217.900000 0.000286
218.000000 0.000286
218.100000 0.000285
218.200000 0.000285
218.300000 0.000284
218.400000 0.000284
218.500000 0.000283
218.600000 0.000283
218.700000 0.000283
218.800000 0.000282
218.900000 0.000282
219.000000 0.000283
219.100000 0.000283
219.200000 0.000283
219.300000 0.000283
219.400000 0.000284
219.500000 0.000284
219.600000 0.000285
219.700000 0.000285
219.800000 0.000285
219.900000 0.000286
220.000000 0.000286
220.100000 0.000287
220.200000 0.000287
220.300000 0.000287
220.400000 0.000287
220.500000 0.000288
220.600000 0.000288
220.700000 0.000287
220.800000 0.000287
220.900000 0.000287
221.000000 0.000287
221.100000 0.000286
221.200000 0.000286
221.300000 0.000285
221.400000 0.000284
221.500000 0.000284
221.600000 0.000283
221.700000 0.000283
221.800000 0.000283
221.900000 0.000283
222.000000 0.000283
222.100000 0.000283
222.200000 0.000283
222.300000 0.000283
222.400000 0.000283
222.500000 0.000284
222.600000 0.000284
222.700000 0.000284
222.800000 0.000285
222.900000 0.000285
223.000000 0.000286
223.100000 0.000286
223.200000 0.000286
223.300000 0.000287
223.400000 0.000287
223.500000 0.000287
223.600000 0.000287
223.700000 0.000287
223.800000 0.000287
223.900000 0.000287
224.000000 0.000287
224.100000 0.000287
224.200000 0.000286
224.300000 0.000286
224.400000 0.000285
224.500000 0.000285
224.600000 0.000284
224.700000 0.000284
224.800000 0.000283
224.900000 0.000283
225.000000 0.000283
225.100000 0.000283
225.200000 0.000283
225.300000 0.000283
225.400000 0.000283
225.500000 0.000283
225.600000 0.000283
225.700000 0.000284
225.800000 0.000284
225.900000 0.000285
226.000000 0.000285
226.100000 0.000285
226.200000 0.000286
226.300000 0.000286
226.400000 0.000287
226.500000 0.000287
226.600000 0.000287
226.700000 0.000287
226.800000 0.000287
226.900000 0.000287
227.000000 0.000287
227.100000 0.000287
227.200000 0.000287
227.300000 0.000287
227.400000 0.000286
227.500000 0.000286
227.600000 0.000285
227.700000 0.000285
227.800000 0.000284
227.900000 0.000284
228.000000 0.000283
228.100000 0.000283
228.200000 0.000283
228.300000 0.000283
228.400000 0.000283
228.500000 0.000283
228.600000 0.000283
228.700000 0.000283
228.800000 0.000284
228.900000 0.000284
229.000000 0.000284
229.100000 0.000285
229.200000 0.000285
229.300000 0.000286
229.400000 0.000286
229.500000 0.000286
229.600000 0.000287
229.700000 0.000287
229.800000 0.000287
229.900000 0.000287
230.000000 0.000287
230.100000 0.000287
230.200000 0.000287
230.300000 0.000287
230.400000 0.000287
230.500000 0.000287
230.600000 0.000286
230.700000 0.000286
230.800000 0.000285
230.900000 0.000285
231.000000 0.000284
231.100000 0.000284
231.200000 0.000283
231.300000 0.000283
231.400000 0.000283
231.500000 0.000283
231.600000 0.000283
231.700000 0.000283
231.800000 0.000283
231.900000 0.000284
232.000000 0.000284
232.100000 0.000284
232.200000 0.000285
232.300000 0.000285
232.400000 0.000285
232.500000 0.000286
232.600000 0.000286
232.700000 0.000286
232.800000 0.000287
232.900000 0.000287
233.000000 0.000287
233.100000 0.000287
233.200000 0.000287
233.300000 0.000287
233.400000 0.000287
233.500000 0.000287
233.600000 0.000287
233.700000 0.000286
233.800000 0.000286
233.900000 0.000285
234.000000 0.000285
234.100000 0.000284
234.200000 0.000284
234.300000 0.000284
234.400000 0.000283
234.500000 0.000283
234.600000 0.000283
234.700000 0.000283
234.800000 0.000283
234.900000 0.000283
235.000000 0.000283
235.100000 0.000284
235.200000 0.000284
235.300000 0.000284
235.400000 0.000285
235.500000 0.000285
235.600000 0.000286
235.700000 0.000286
235.800000 0.000286
235.900000 0.000287
236.000000 0.000287
236.100000 0.000287
236.200000 0.000287
236.300000 0.000287
236.400000 0.000287
236.500000 0.000287
236.600000 0.000287
236.700000 0.000287
236.800000 0.000287
236.900000 0.000286
237.000000 0.000286
237.100000 0.000285
237.200000 0.000285
237.300000 0.000284
237.400000 0.000284
237.500000 0.000284
237.600000 0.000283
237.700000 0.000283
237.800000 0.000283
237.900000 0.000283
238.000000 0.000283
238.100000 0.000283
238.200000 0.000284
238.300000 0.000284
238.400000 0.000284
238.500000 0.000285
238.600000 0.000285
238.700000 0.000285
238.800000 0.000286
238.900000 0.000286
239.000000 0.000286
239.100000 0.000287
239.200000 0.000287
239.300000 0.000287
239.400000 0.000287
239.500000 0.000287
239.600000 0.000287
239.700000 0.000287
239.800000 0.000287
239.900000 0.000287
240.000000 0.000286
240.100000 0.000286
240.200000 0.000286
240.300000 0.000285
240.400000 0.000285
240.500000 0.000284
240.600000 0.000284
240.700000 0.000284
240.800000 0.000283
240.900000 0.000283
241.000000 0.000283
241.100000 0.000283
241.200000 0.000283
241.300000 0.000284
241.400000 0.000284
241.500000 0.000284
241.600000 0.000284
241.700000 0.000285
241.800000 0.000285
241.900000 0.000286
242.000000 0.000286
242.100000 0.000286
242.200000 0.000287
242.300000 0.000287
242.400000 0.000287
242.500000 0.000287
242.600000 0.000287
242.700000 0.000287
242.800000 0.000287
242.900000 0.000287
243.000000 0.000287
243.100000 0.000287
243.200000 0.000286
243.300000 0.000286
243.400000 0.000285
243.500000 0.000285
243.600000 0.000285
243.700000 0.000284
243.800000 0.000284
243.900000 0.000284
244.000000 0.000283
244.100000 0.000283
244.200000 0.000283
244.300000 0.000283
244.400000 0.000284
244.500000 0.000284
244.600000 0.000284
244.700000 0.000284
244.800000 0.000285
244.900000 0.000285
245.000000 0.000285
245.100000 0.000286
245.200000 0.000286
245.300000 0.000286
245.400000 0.000287
245.500000 0.000287
245.600000 0.000287
245.700000 0.000287
245.800000 0.000287
245.900000 0.000287
246.000000 0.000287
246.100000 0.000287
246.200000 0.000287
246.300000 0.000287
246.400000 0.000286
246.500000 0.000286
246.600000 0.000285
246.700000 0.000285
246.800000 0.000285
246.900000 0.000284
247.000000 0.000284
247.100000 0.000284
247.200000 0.000284
247.300000 0.000283
247.400000 0.000283
247.500000 0.000284
247.600000 0.000284
247.700000 0.000284
247.800000 0.000284
247.900000 0.000284
248.000000 0.000285
248.100000 0.000285
248.200000 0.000285
248.300000 0.000286
248.400000 0.000286
248.500000 0.000286
248.600000 0.000287
248.700000 0.000287
248.800000 0.000287
248.900000 0.000287
249.000000 0.000287
249.100000 0.000287
249.200000 0.000287
249.300000 0.000287
249.400000 0.000287
249.500000 0.000286
249.600000 0.000286
249.700000 0.000286
249.800000 0.000285
249.900000 0.000285
250.000000 0.000284
250.100000 0.000284
250.200000 0.000284
250.300000 0.000284
250.400000 0.000284
250.500000 0.000284
250.600000 0.000284
250.700000 0.000284
250.800000 0.000284
250.900000 0.000284
251.000000 0.000284
251.100000 0.000285
251.200000 0.000285
251.300000 0.000285
251.400000 0.000286
251.500000 0.000286
251.600000 0.000286
251.700000 0.000287
251.800000 0.000287
251.900000 0.000287
252.000000 0.000287
252.100000 0.000287
252.200000 0.000287
252.300000 0.000287
252.400000 0.000287
252.500000 0.000287
252.600000 0.000287
252.700000 0.000286
252.800000 0.000286
252.900000 0.000286
253.000000 0.000285
253.100000 0.000285
253.200000 0.000284
253.300000 0.000284
253.400000 0.000284
253.500000 0.000284
253.600000 0.000284
253.700000 0.000284
253.800000 0.000284
253.900000 0.000284
254.000000 0.000284
254.100000 0.000284
254.200000 0.000285
254.300000 0.000285
254.400000 0.000285
254.500000 0.000285
254.600000 0.000286
254.700000 0.000286
254.800000 0.000286
254.900000 0.000287
255.000000 0.000287
255.100000 0.000287
255.200000 0.000287
255.300000 0.000287
255.400000 0.000287
255.500000 0.000287
255.600000 0.000287
255.700000 0.000287
255.800000 0.000286
255.900000 0.000286
256.000000 0.000286
256.100000 0.000285
256.200000 0.000285
256.300000 0.000285
256.400000 0.000284
256.500000 0.000284
256.600000 0.000284
256.700000 0.000284
256.800000 0.000284
256.900000 0.000284
257.000000 0.000284
257.100000 0.000284
257.200000 0.000284
257.300000 0.000284
257.400000 0.000285
257.500000 0.000285
257.600000 0.000285
257.700000 0.000286
257.800000 0.000286
257.900000 0.000286
258.000000 0.000286
258.100000 0.000287
258.200000 0.000287
258.300000 0.000287
258.400000 0.000287
258.500000 0.000287
258.600000 0.000287
258.700000 0.000287
258.800000 0.000287
258.900000 0.000287
259.000000 0.000286
259.100000 0.000286
259.200000 0.000286
259.300000 0.000285
259.400000 0.000285
259.500000 0.000285
259.600000 0.000284
259.700000 0.000284
259.800000 0.000284
259.900000 0.000284
260.000000 0.000284
260.100000 0.000284
260.200000 0.000284
260.300000 0.000284
260.400000 0.000284
260.500000 0.000285
260.600000 0.000285
260.700000 0.000285
260.800000 0.000285
260.900000 0.000286
261.000000 0.000286
261.100000 0.000286
261.200000 0.000287
261.300000 0.000287
261.400000 0.000287
261.500000 0.000287
261.600000 0.000287
261.700000 0.000287
261.800000 0.000287
261.900000 0.000287
262.000000 0.000287
262.100000 0.000287
262.200000 0.000286
262.300000 0.000286
262.400000 0.000286
262.500000 0.000285
262.600000 0.000285
262.700000 0.000285
262.800000 0.000284
262.900000 0.000284
263.000000 0.000284
263.100000 0.000284
263.200000 0.000284
263.300000 0.000284
263.400000 0.000284
263.500000 0.000284
263.600000 0.000284
263.700000 0.000285
263.800000 0.000285
263.900000 0.000285
264.000000 0.000286
264.100000 0.000286
264.200000 0.000286
264.300000 0.000286
264.400000 0.000287
264.500000 0.000287
264.600000 0.000287
264.700000 0.000287
264.800000 0.000287
264.900000 0.000287
265.000000 0.000287
265.100000 0.000287
265.200000 0.000287
265.300000 0.000286
265.400000 0.000286
265.500000 0.000286
265.600000 0.000285
265.700000 0.000285
265.800000 0.000285
265.900000 0.000285
266.000000 0.000284
266.100000 0.000284
266.200000 0.000284
266.300000 0.000284
266.400000 0.000284
266.500000 0.000284
266.600000 0.000284
266.700000 0.000284
266.800000 0.000285
266.900000 0.000285
267.000000 0.000285
267.100000 0.000285
267.200000 0.000286
267.300000 0.000286
267.400000 0.000286
267.500000 0.000287
267.600000 0.000287
267.700000 0.000287
267.800000 0.000287
267.900000 0.000287
268.000000 0.000287
268.100000 0.000287
268.200000 0.000287
268.300000 0.000287
268.400000 0.000287
268.500000 0.000286
268.600000 0.000286
268.700000 0.000286
268.800000 0.000285
268.900000 0.000285
269.000000 0.000285
269.100000 0.000284
269.200000 0.000284
269.300000 0.000284
269.400000 0.000284
269.500000 0.000284
269.600000 0.000284
269.700000 0.000284
269.800000 0.000284
269.900000 0.000285
270.000000 0.000285
270.100000 0.000285
270.200000 0.000285
270.300000 0.000286
270.400000 0.000286
270.500000 0.000286
270.600000 0.000286
270.700000 0.000287
270.800000 0.000287
270.900000 0.000287
271.000000 0.000287
271.100000 0.000287
271.200000 0.000287
271.300000 0.000287
271.400000 0.000287
271.500000 0.000287
271.600000 0.000287
271.700000 0.000286
271.800000 0.000286
271.900000 0.000286
272.000000 0.000285
272.100000 0.000285
272.200000 0.000285
272.300000 0.000284
272.400000 0.000284
272.500000 0.000284
272.600000 0.000284
272.700000 0.000284
272.800000 0.000284
272.900000 0.000284
273.000000 0.000284
273.100000 0.000285
273.200000 0.000285
273.300000 0.000285
273.400000 0.000285
273.500000 0.000286
273.600000 0.000286
273.700000 0.000286
273.800000 0.000286
273.900000 0.000287
274.000000 0.000287
274.100000 0.000287
274.200000 0.000287
274.300000 0.000287
274.400000 0.000287
274.500000 0.000287
274.600000 0.000287
274.700000 0.000287
274.800000 0.000286
274.900000 0.000286
275.000000 0.000286
275.100000 0.000286
275.200000 0.000285
275.300000 0.000285
275.400000 0.000285
275.500000 0.000284
275.600000 0.000284
275.700000 0.000284
275.800000 0.000284
275.900000 0.000284
276.000000 0.000284
276.100000 0.000284
276.200000 0.000285
276.300000 0.000285
276.400000 0.000285
276.500000 0.000285
276.600000 0.000286
276.700000 0.000286
276.800000 0.000286
276.900000 0.000286
277.000000 0.000287
277.100000 0.000287
277.200000 0.000287
277.300000 0.000287
277.400000 0.000287
277.500000 0.000287
277.600000 0.000287
277.700000 0.000287
277.800000 0.000287
277.900000 0.000287
278.000000 0.000286
278.100000 0.000286
278.200000 0.000286
278.300000 0.000285
278.400000 0.000285
278.500000 0.000285
278.600000 0.000285
278.700000 0.000284
278.800000 0.000284
278.900000 0.000284
279.000000 0.000284
279.100000 0.000284
279.200000 0.000284
279.300000 0.000285
279.400000 0.000285
279.500000 0.000285
279.600000 0.000285
279.700000 0.000285
279.800000 0.000286
279.900000 0.000286
280.000000 0.000286
280.100000 0.000286
280.200000 0.000287
280.300000 0.000287
280.400000 0.000287
280.500000 0.000287
280.600000 0.000287
280.700000 0.000287
280.800000 0.000287
280.900000 0.000287
281.000000 0.000287
281.100000 0.000286
281.200000 0.000286
281.300000 0.000286
281.400000 0.000286
281.500000 0.000285
281.600000 0.000285
281.700000 0.000285
281.800000 0.000285
281.900000 0.000284
282.000000 0.000284
282.100000 0.000284
282.200000 0.000284
282.300000 0.000284
282.400000 0.000285
282.500000 0.000285
282.600000 0.000285
282.700000 0.000285
282.800000 0.000285
282.900000 0.000286
283.000000 0.000286
283.100000 0.000286
283.200000 0.000286
283.300000 0.000287
283.400000 0.000287
283.500000 0.000287
283.600000 0.000287
283.700000 0.000287
283.800000 0.000287
283.900000 0.000287
284.000000 0.000287
284.100000 0.000287
284.200000 0.000287
284.300000 0.000286
284.400000 0.000286
284.500000 0.000286
284.600000 0.000286
284.700000 0.000285
284.800000 0.000285
284.900000 0.000285
285.000000 0.000285
285.100000 0.000284
285.200000 0.000284
285.300000 0.000284
285.400000 0.000284
285.500000 0.000284
285.600000 0.000285
285.700000 0.000285
285.800000 0.000285
285.900000 0.000285
286.000000 0.000285
286.100000 0.000286
286.200000 0.000286
286.300000 0.000286
286.400000 0.000286
286.500000 0.000287
286.600000 0.000287
286.700000 0.000287
286.800000 0.000287
286.900000 0.000287
287.000000 0.000287
287.100000 0.000287
287.200000 0.000287
287.300000 0.000287
287.400000 0.000287
287.500000 0.000286
287.600000 0.000286
287.700000 0.000286
287.800000 0.000285
287.900000 0.000285
288.000000 0.000285
288.100000 0.000285
288.200000 0.000285
288.300000 0.000285
288.400000 0.000284
288.500000 0.000284
288.600000 0.000284
288.700000 0.000285
288.800000 0.000285
288.900000 0.000285
289.000000 0.000285
289.100000 0.000285
289.200000 0.000286
289.300000 0.000286
289.400000 0.000286
289.500000 0.000286
289.600000 0.000286
289.700000 0.000287
289.800000 0.000287
289.900000 0.000287
290.000000 0.000287
290.100000 0.000287
290.200000 0.000287
290.300000 0.000287
290.400000 0.000287
290.500000 0.000287
290.600000 0.000286
290.700000 0.000286
290.800000 0.000286
290.900000 0.000286
291.000000 0.000285
291.100000 0.000285
291.200000 0.000285
291.300000 0.000285
291.400000 0.000285
291.500000 0.000285
291.600000 0.000285
291.700000 0.000285
291.800000 0.000285
291.900000 0.000285
292.000000 0.000285
292.100000 0.000285
292.200000 0.000285
292.300000 0.000285
292.400000 0.000286
292.500000 0.000286
292.600000 0.000286
292.700000 0.000286
292.800000 0.000287
292.900000 0.000287
293.000000 0.000287
293.100000 0.000287
293.200000 0.000287
293.300000 0.000287
293.400000 0.000287
293.500000 0.000287
293.600000 0.000287
293.700000 0.000287
293.800000 0.000286
293.900000 0.000286
294.000000 0.000286
294.100000 0.000286
294.200000 0.000285
294.300000 0.000285
294.400000 0.000285
294.500000 0.000285
294.600000 0.000285
294.700000 0.000285
294.800000 0.000285
294.900000 0.000285
295.000000 0.000285
295.100000 0.000285
295.200000 0.000285
295.300000 0.000285
295.400000 0.000285
295.500000 0.000286
295.600000 0.000286
295.700000 0.000286
295.800000 0.000286
295.900000 0.000286
296.000000 0.000287
296.100000 0.000287
296.200000 0.000287
296.300000 0.000287
296.400000 0.000287
296.500000 0.000287
296.600000 0.000287
296.700000 0.000287
296.800000 0.000287
296.900000 0.000286
297.000000 0.000286
297.100000 0.000286
297.200000 0.000286
297.300000 0.000286
297.400000 0.000285
297.500000 0.000285
297.600000 0.000285
297.700000 0.000285
297.800000 0.000285
297.900000 0.000285
298.000000 0.000285
298.100000 0.000285
298.200000 0.000285
298.300000 0.000285
298.400000 0.000285
298.500000 0.000285
298.600000 0.000285
298.700000 0.000286
298.800000 0.000286
298.900000 0.000286
299.000000 0.000286
299.100000 0.000286
299.200000 0.000287
299.300000 0.000287
299.400000 0.000287
299.500000 0.000287
299.600000 0.000287
299.700000 0.000287
299.800000 0.000287
299.900000 0.000287
300.000000 0.000287
300.100000 0.000286
300.200000 0.000286
300.300000 0.000286
300.400000 0.000286
300.500000 0.000285
300.600000 0.000285
300.700000 0.000285
300.800000 0.000285
300.900000 0.000285
301.000000 0.000285
301.100000 0.000285
301.200000 0.000285
301.300000 0.000285
301.400000 0.000285
301.500000 0.000285
301.600000 0.000285
301.700000 0.000285
301.800000 0.000286
301.900000 0.000286
302.000000 0.000286
302.100000 0.000286
302.200000 0.000286
302.300000 0.000287
302.400000 0.000287
302.500000 0.000287
302.600000 0.000287
302.700000 0.000287
302.800000 0.000287
302.900000 0.000287
303.000000 0.000287
303.100000 0.000287
303.200000 0.000287
303.300000 0.000286
303.400000 0.000286
303.500000 0.000286
303.600000 0.000286
303.700000 0.000285
303.800000 0.000285
303.900000 0.000285
304.000000 0.000285
304.100000 0.000285
304.200000 0.000285
304.300000 0.000285
304.400000 0.000285
304.500000 0.000285
304.600000 0.000285
304.700000 0.000285
304.800000 0.000285
304.900000 0.000285
305.000000 0.000286
305.100000 0.000286
305.200000 0.000286
305.300000 0.000286
305.400000 0.000286
305.500000 0.000287
305.600000 0.000287
305.700000 0.000287
305.800000 0.000287
305.900000 0.000287
306.000000 0.000287
306.100000 0.000287
306.200000 0.000287
306.300000 0.000287
306.400000 0.000286
306.500000 0.000286
306.600000 0.000286
306.700000 0.000286
306.800000 0.000286
306.900000 0.000285
307.000000 0.000285
307.100000 0.000285
307.200000 0.000285
307.300000 0.000285
307.400000 0.000285
307.500000 0.000285
307.600000 0.000285
307.700000 0.000285
307.800000 0.000285
307.900000 0.000285
308.000000 0.000285
308.100000 0.000286
308.200000 0.000286
308.300000 0.000286
308.400000 0.000286
308.500000 0.000286
308.600000 0.000287
308.700000 0.000287
308.800000 0.000287
308.900000 0.000287
309.000000 0.000287
309.100000 0.000287
309.200000 0.000287
309.300000 0.000287
309.400000 0.000287
309.500000 0.000287
309.600000 0.000286
309.700000 0.000286
309.800000 0.000286
309.900000 0.000286
310.000000 0.000286
310.100000 0.000285
310.200000 0.000285
310.300000 0.000285
310.400000 0.000285
310.500000 0.000285
310.600000 0.000285
310.700000 0.000285
310.800000 0.000285
310.900000 0.000285
311.000000 0.000285
311.100000 0.000285
311.200000 0.000285
311.300000 0.000286
311.400000 0.000286
311.500000 0.000286
311.600000 0.000286
311.700000 0.000286
311.800000 0.000287
311.900000 0.000287
312.000000 0.000287
312.100000 0.000287
312.200000 0.000287
312.300000 0.000287
312.400000 0.000287
312.500000 0.000287
312.600000 0.000287
312.700000 0.000287
312.800000 0.000286
312.900000 0.000286
313.000000 0.000286
313.100000 0.000286
313.200000 0.000285
313.300000 0.000285
313.400000 0.000285
313.500000 0.000285
313.600000 0.000285
313.700000 0.000285
313.800000 0.000285
313.900000 0.000285
314.000000 0.000285
314.100000 0.000285
314.200000 0.000285
314.300000 0.000285
314.400000 0.000286
314.500000 0.000286
314.600000 0.000286
314.700000 0.000286
314.800000 0.000286
314.900000 0.000286
315.000000 0.000287
315.100000 0.000287
315.200000 0.000287
315.300000 0.000287
315.400000 0.000287
315.500000 0.000287
315.600000 0.000287
315.700000 0.000287
315.800000 0.000287
315.900000 0.000286
316.000000 0.000286
316.100000 0.000286
316.200000 0.000286
316.300000 0.000286
316.400000 0.000285
316.500000 0.000285
316.600000 0.000285
316.700000 0.000285
316.800000 0.000285
316.900000 0.000285
317.000000 0.000285
317.100000 0.000285
317.200000 0.000285
317.300000 0.000285
317.400000 0.000285
317.500000 0.000285
317.600000 0.000286
317.700000 0.000286
317.800000 0.000286
317.900000 0.000286
318.000000 0.000286
318.100000 0.000287
318.200000 0.000287
318.300000 0.000287
318.400000 0.000287
318.500000 0.000287
318.600000 0.000287
318.700000 0.000287
318.800000 0.000287
318.900000 0.000287
319.000000 0.000287
319.100000 0.000286
319.200000 0.000286
319.300000 0.000286
319.400000 0.000286
319.500000 0.000286
319.600000 0.000285
319.700000 0.000285
319.800000 0.000285
319.900000 0.000285
320.000000 0.000285
320.100000 0.000285
320.200000 0.000285
320.300000 0.000285
320.400000 0.000285
320.500000 0.000285
320.600000 0.000285
320.700000 0.000286
320.800000 0.000286
320.900000 0.000286
321.000000 0.000286
321.100000 0.000286
321.200000 0.000286
321.300000 0.000287
321.400000 0.000287
321.500000 0.000287
321.600000 0.000287
321.700000 0.000287
321.800000 0.000287
321.900000 0.000287
322.000000 0.000287
322.100000 0.000287
322.200000 0.000286
322.300000 0.000286
322.400000 0.000286
322.500000 0.000286
322.600000 0.000286
322.700000 0.000286
322.800000 0.000285
322.900000 0.000285
323.000000 0.000285
323.100000 0.000285
323.200000 0.000285
323.300000 0.000285
323.400000 0.000285
323.500000 0.000285
323.600000 0.000285
323.700000 0.000285
323.800000 0.000285
323.900000 0.000286
324.000000 0.000286
324.100000 0.000286
324.200000 0.000286
324.300000 0.000286
324.400000 0.000286
324.500000 0.000287
324.600000 0.000287
324.700000 0.000287
324.800000 0.000287
324.900000 0.000287
325.000000 0.000287
325.100000 0.000287
325.200000 0.000287
325.300000 0.000287
325.400000 0.000286
325.500000 0.000286
325.600000 0.000286
325.700000 0.000286
325.800000 0.000286
325.900000 0.000286
326.000000 0.000285
326.100000 0.000285
326.200000 0.000285
326.300000 0.000285
326.400000 0.000285
326.500000 0.000285
326.600000 0.000285
326.700000 0.000285
326.800000 0.000285
326.900000 0.000285
327.000000 0.000286
327.100000 0.000286
327.200000 0.000286
327.300000 0.000286
327.400000 0.000286
327.500000 0.000286
327.600000 0.000287
327.700000 0.000287
327.800000 0.000287
327.900000 0.000287
328.000000 0.000287
328.100000 0.000287
328.200000 0.000287
328.300000 0.000287
328.400000 0.000287
328.500000 0.000287
328.600000 0.000286
328.700000 0.000286
328.800000 0.000286
328.900000 0.000286
329.000000 0.000286
329.100000 0.000285
329.200000 0.000285
329.300000 0.000285
329.400000 0.000285
329.500000 0.000285
329.600000 0.000285
329.700000 0.000285
329.800000 0.000285
329.900000 0.000285
330.000000 0.000285
330.100000 0.000286
330.200000 0.000286
330.300000 0.000286
330.400000 0.000286
330.500000 0.000286
330.600000 0.000286
330.700000 0.000286
330.800000 0.000287
330.900000 0.000287
331.000000 0.000287
331.100000 0.000287
331.200000 0.000287
331.300000 0.000287
331.400000 0.000287
331.500000 0.000287
331.600000 0.000287
331.700000 0.000286
331.800000 0.000286
331.900000 0.000286
332.000000 0.000286
332.100000 0.000286
332.200000 0.000286
332.300000 0.000285
332.400000 0.000285
332.500000 0.000285
332.600000 0.000285
332.700000 0.000285
332.800000 0.000285
332.900000 0.000285
333.000000 0.000285
333.100000 0.000285
333.200000 0.000285
333.300000 0.000286
333.400000 0.000286
333.500000 0.000286
333.600000 0.000286
333.700000 0.000286
333.800000 0.000286
333.900000 0.000287
334.000000 0.000287
334.100000 0.000287
334.200000 0.000287
334.300000 0.000287
334.400000 0.000287
334.500000 0.000287
334.600000 0.000287
334.700000 0.000287
334.800000 0.000287
334.900000 0.000286
335.000000 0.000286
335.100000 0.000286
335.200000 0.000286
335.300000 0.000286
335.400000 0.000286
335.500000 0.000285
335.600000 0.000285
335.700000 0.000285
335.800000 0.000285
335.900000 0.000285
336.000000 0.000285
336.100000 0.000285
336.200000 0.000285
336.300000 0.000285
336.400000 0.000286
336.500000 0.000286
336.600000 0.000286
336.700000 0.000286
336.800000 0.000286
336.900000 0.000286
337.000000 0.000286
337.100000 0.000287
337.200000 0.000287
337.300000 0.000287
337.400000 0.000287
337.500000 0.000287
337.600000 0.000287
337.700000 0.000287
337.800000 0.000287
337.900000 0.000287
338.000000 0.000286
338.100000 0.000286
338.200000 0.000286
338.300000 0.000286
338.400000 0.000286
338.500000 0.000286
338.600000 0.000286
338.700000 0.000285
338.800000 0.000285
338.900000 0.000285
339.000000 0.000285
339.100000 0.000285
339.200000 0.000285
339.300000 0.000285
339.400000 0.000285
339.500000 0.000285
339.600000 0.000286
339.700000 0.000286
339.800000 0.000286
339.900000 0.000286
340.000000 0.000286
340.100000 0.000286
340.200000 0.000286
340.300000 0.000287
340.400000 0.000287
340.500000 0.000287
340.600000 0.000287
340.700000 0.000287
340.800000 0.000287
340.900000 0.000287
341.000000 0.000287
341.100000 0.000287
341.200000 0.000286
341.300000 0.000286
341.400000 0.000286
341.500000 0.000286
341.600000 0.000286
341.700000 0.000286
341.800000 0.000286
341.900000 0.000285
342.000000 0.000285
342.100000 0.000285
342.200000 0.000285
342.300000 0.000285
342.400000 0.000285
342.500000 0.000285
342.600000 0.000285
342.700000 0.000286
342.800000 0.000286
342.900000 0.000286
343.000000 0.000286
343.100000 0.000286
343.200000 0.000286
343.300000 0.000286
343.400000 0.000287
343.500000 0.000287
343.600000 0.000287
343.700000 0.000287
343.800000 0.000287
343.900000 0.000287
344.000000 0.000287
344.100000 0.000287
344.200000 0.000287
344.300000 0.000287
344.400000 0.000286
344.500000 0.000286
344.600000 0.000286
344.700000 0.000286
344.800000 0.000286
344.900000 0.000286
345.000000 0.000285
345.100000 0.000285
345.200000 0.000285
345.300000 0.000285
345.400000 0.000285
345.500000 0.000285
345.600000 0.000285
345.700000 0.000285
345.800000 0.000286
345.900000 0.000286
346.000000 0.000286
346.100000 0.000286
346.200000 0.000286
346.300000 0.000286
346.400000 0.000286
346.500000 0.000286
346.600000 0.000287
346.700000 0.000287
346.800000 0.000287
346.900000 0.000287
347.000000 0.000287
347.100000 0.000287
347.200000 0.000287
347.300000 0.000287
347.400000 0.000287
347.500000 0.000286
347.600000 0.000286
347.700000 0.000286
347.800000 0.000286
347.900000 0.000286
348.000000 0.000286
348.100000 0.000286
348.200000 0.000285
348.300000 0.000285
348.400000 0.000285
348.500000 0.000285
348.600000 0.000285
348.700000 0.000285
348.800000 0.000285
348.900000 0.000285
349.000000 0.000286
349.100000 0.000286
349.200000 0.000286
349.300000 0.000286
349.400000 0.000286
349.500000 0.000286
349.600000 0.000286
349.700000 0.000286
349.800000 0.000287
349.900000 0.000287
350.000000 0.000287
350.100000 0.000287
350.200000 0.000287
350.300000 0.000287
350.400000 0.000287
350.500000 0.000287
350.600000 0.000287
350.700000 0.000286
350.800000 0.000286
350.900000 0.000286
351.000000 0.000286
351.100000 0.000286
351.200000 0.000286
351.300000 0.000286
351.400000 0.000285
351.500000 0.000285
351.600000 0.000285
351.700000 0.000285
351.800000 0.000285
351.900000 0.000285
352.000000 0.000285
352.100000 0.000286
352.200000 0.000286
352.300000 0.000286
352.400000 0.000286
352.500000 0.000286
352.600000 0.000286
352.700000 0.000286
352.800000 0.000286
352.900000 0.000287
353.000000 0.000287
353.100000 0.000287
353.200000 0.000287
353.300000 0.000287
353.400000 0.000287
353.500000 0.000287
353.600000 0.000287
353.700000 0.000287
353.800000 0.000286
353.900000 0.000286
354.000000 0.000286
354.100000 0.000286
354.200000 0.000286
354.300000 0.000286
354.400000 0.000286
354.500000 0.000286
354.600000 0.000285
354.700000 0.000285
354.800000 0.000285
354.900000 0.000285
355.000000 0.000285
355.100000 0.000285
355.200000 0.000286
355.300000 0.000286
355.400000 0.000286
355.500000 0.000286
355.600000 0.000286
355.700000 0.000286
355.800000 0.000286
355.900000 0.000286
356.000000 0.000286
356.100000 0.000287
356.200000 0.000287
356.300000 0.000287
356.400000 0.000287
356.500000 0.000287
356.600000 0.000287
356.700000 0.000287
356.800000 0.000287
356.900000 0.000287
357.000000 0.000286
357.100000 0.000286
357.200000 0.000286
357.300000 0.000286
357.400000 0.000286
357.500000 0.000286
357.600000 0.000286
357.700000 0.000286
357.800000 0.000285
357.900000 0.000285
358.000000 0.000285
358.100000 0.000285
358.200000 0.000285
358.300000 0.000285
358.400000 0.000286
358.500000 0.000286
358.600000 0.000286
358.700000 0.000286
358.800000 0.000286
358.900000 0.000286
359.000000 0.000286
359.100000 0.000286
359.200000 0.000287
359.300000 0.000287
359.400000 0.000287
359.500000 0.000287
359.600000 0.000287
359.700000 0.000287
359.800000 0.000287
359.900000 0.000287
360.000000 0.000287
360.100000 0.000287
360.200000 0.000286
360.300000 0.000286
360.400000 0.000286
360.500000 0.000286
360.600000 0.000286
360.700000 0.000286
360.800000 0.000286
360.900000 0.000286
361.000000 0.000285
361.100000 0.000285
361.200000 0.000285
361.300000 0.000285
361.400000 0.000285
361.500000 0.000286
361.600000 0.000286
361.700000 0.000286
361.800000 0.000286
361.900000 0.000286
362.000000 0.000286
362.100000 0.000286
362.200000 0.000286
362.300000 0.000286
362.400000 0.000287
362.500000 0.000287
362.600000 0.000287
362.700000 0.000287
362.800000 0.000287
362.900000 0.000287
363.000000 0.000287
363.100000 0.000287
363.200000 0.000287
363.300000 0.000286
363.400000 0.000286
363.500000 0.000286
363.600000 0.000286
363.700000 0.000286
363.800000 0.000286
363.900000 0.000286
364.000000 0.000286
364.100000 0.000286
364.200000 0.000285
364.300000 0.000285
364.400000 0.000285
364.500000 0.000285
364.600000 0.000286
364.700000 0.000286
364.800000 0.000286
364.900000 0.000286
365.000000 0.000286
365.100000 0.000286
365.200000 0.000286
365.300000 0.000286
365.400000 0.000286
365.500000 0.000286
365.600000 0.000287
365.700000 0.000287
365.800000 0.000287
365.900000 0.000287
366.000000 0.000287
366.100000 0.000287
366.200000 0.000287
366.300000 0.000287
366.400000 0.000287
366.500000 0.000286
366.600000 0.000286
366.700000 0.000286
366.800000 0.000286
366.900000 0.000286
367.000000 0.000286
367.100000 0.000286
367.200000 0.000286
367.300000 0.000286
367.400000 0.000286
367.500000 0.000285
367.600000 0.000285
367.700000 0.000286
367.800000 0.000286
367.900000 0.000286
368.000000 0.000286
368.100000 0.000286
368.200000 0.000286
368.300000 0.000286
368.400000 0.000286
368.500000 0.000286
368.600000 0.000286
368.700000 0.000287
368.800000 0.000287
368.900000 0.000287
369.000000 0.000287
369.100000 0.000287
369.200000 0.000287
369.300000 0.000287
369.400000 0.000287
369.500000 0.000287
369.600000 0.000286
369.700000 0.000286
369.800000 0.000286
369.900000 0.000286
370.000000 0.000286
370.100000 0.000286
370.200000 0.000286
370.300000 0.000286
370.400000 0.000286
370.500000 0.000286
370.600000 0.000286
370.700000 0.000286
370.800000 0.000286
370.900000 0.000286
371.000000 0.000286
371.100000 0.000286
371.200000 0.000286
371.300000 0.000286
371.400000 0.000286
371.500000 0.000286
371.600000 0.000286
371.700000 0.000286
371.800000 0.000286
371.900000 0.000287
372.000000 0.000287
372.100000 0.000287
372.200000 0.000287
372.300000 0.000287
372.400000 0.000287
372.500000 0.000287
372.600000 0.000287
372.700000 0.000287
372.800000 0.000286
372.900000 0.000286
373.000000 0.000286
373.100000 0.000286
373.200000 0.000286
373.300000 0.000286
373.400000 0.000286
373.500000 0.000286
373.600000 0.000286
373.700000 0.000286
373.800000 0.000286
373.900000 0.000286
374.000000 0.000286
374.100000 0.000286
374.200000 0.000286
374.300000 0.000286
374.400000 0.000286
374.500000 0.000286
374.600000 0.000286
374.700000 0.000286
374.800000 0.000286
374.900000 0.000286
375.000000 0.000286
375.100000 0.000287
375.200000 0.000287
375.300000 0.000287
375.400000 0.000287
375.500000 0.000287
375.600000 0.000287
375.700000 0.000287
375.800000 0.000287
375.900000 0.000287
376.000000 0.000286
376.100000 0.000286
376.200000 0.000286
376.300000 0.000286
376.400000 0.000286
376.500000 0.000286
376.600000 0.000286
376.700000 0.000286
376.800000 0.000286
376.900000 0.000286
377.000000 0.000286
377.100000 0.000286
377.200000 0.000286
377.300000 0.000286
377.400000 0.000286
377.500000 0.000286
377.600000 0.000286
377.700000 0.000286
377.800000 0.000286
377.900000 0.000286
378.000000 0.000286
378.100000 0.000286
378.200000 0.000287
378.300000 0.000287
378.400000 0.000287
378.500000 0.000287
378.600000 0.000287
378.700000 0.000287
378.800000 0.000287
378.900000 0.000287
379.000000 0.000287
379.100000 0.000286
379.200000 0.000286
379.300000 0.000286
379.400000 0.000286
379.500000 0.000286
379.600000 0.000286
379.700000 0.000286
379.800000 0.000286
379.900000 0.000286
380.000000 0.000286
380.100000 0.000286
380.200000 0.000286
380.300000 0.000286
380.400000 0.000286
380.500000 0.000286
380.600000 0.000286
380.700000 0.000286
380.800000 0.000286
380.900000 0.000286
381.000000 0.000286
381.100000 0.000286
381.200000 0.000286
381.300000 0.000286
381.400000 0.000287
381.500000 0.000287
381.600000 0.000287
381.700000 0.000287
381.800000 0.000287
381.900000 0.000287
382.000000 0.000287
382.100000 0.000287
382.200000 0.000287
382.300000 0.000286
382.400000 0.000286
382.500000 0.000286
382.600000 0.000286
382.700000 0.000286
382.800000 0.000286
382.900000 0.000286
383.000000 0.000286
383.100000 0.000286
383.200000 0.000286
383.300000 0.000286
383.400000 0.000286
383.500000 0.000286
383.600000 0.000286
383.700000 0.000286
383.800000 0.000286
383.900000 0.000286
384.000000 0.000286
384.100000 0.000286
384.200000 0.000286
384.300000 0.000286
384.400000 0.000286
384.500000 0.000286
384.600000 0.000287
384.700000 0.000287
384.800000 0.000287
384.900000 0.000287
385.000000 0.000287
385.100000 0.000287
385.200000 0.000287
385.300000 0.000287
385.400000 0.000287
385.500000 0.000286
385.600000 0.000286
385.700000 0.000286
385.800000 0.000286
385.900000 0.000286
386.000000 0.000286
386.100000 0.000286
386.200000 0.000286
386.300000 0.000286
386.400000 0.000286
386.500000 0.000286
386.600000 0.000286
386.700000 0.000286
386.800000 0.000286
386.900000 0.000286
387.000000 0.000286
387.100000 0.000286
387.200000 0.000286
387.300000 0.000286
387.400000 0.000286
387.500000 0.000286
387.600000 0.000286
387.700000 0.000287
387.800000 0.000287
387.900000 0.000287
388.000000 0.000287
388.100000 0.000287
388.200000 0.000287
388.300000 0.000287
388.400000 0.000287
388.500000 0.000287
388.600000 0.000286
388.700000 0.000286
388.800000 0.000286
388.900000 0.000286
389.000000 0.000286
389.100000 0.000286
389.200000 0.000286
389.300000 0.000286
389.400000 0.000286
389.500000 0.000286
389.600000 0.000286
389.700000 0.000286
389.800000 0.000286
389.900000 0.000286
390.000000 0.000286
390.100000 0.000286
390.200000 0.000286
390.300000 0.000286
390.400000 0.000286
390.500000 0.000286
390.600000 0.000286
390.700000 0.000286
390.800000 0.000286
390.900000 0.000287
391.000000 0.000287
391.100000 0.000287
391.200000 0.000287
391.300000 0.000287
391.400000 0.000287
391.500000 0.000287
391.600000 0.000287
391.700000 0.000287
391.800000 0.000286
391.900000 0.000286
392.000000 0.000286
392.100000 0.000286
392.200000 0.000286
392.300000 0.000286
392.400000 0.000286
392.500000 0.000286
392.600000 0.000286
392.700000 0.000286
392.800000 0.000286
392.900000 0.000286
393.000000 0.000286
393.100000 0.000286
393.200000 0.000286
393.300000 0.000286
393.400000 0.000286
393.500000 0.000286
393.600000 0.000286
393.700000 0.000286
393.800000 0.000286
393.900000 0.000286
394.000000 0.000287
394.100000 0.000287
394.200000 0.000287
394.300000 0.000287
394.400000 0.000287
394.500000 0.000287
394.600000 0.000287
394.700000 0.000287
394.800000 0.000287
394.900000 0.000286
395.000000 0.000286
395.100000 0.000286
395.200000 0.000286
395.300000 0.000286
395.400000 0.000286
395.500000 0.000286
395.600000 0.000286
395.700000 0.000286
395.800000 0.000286
395.900000 0.000286
396.000000 0.000286
396.100000 0.000286
396.200000 0.000286
396.300000 0.000286
396.400000 0.000286
396.500000 0.000286
396.600000 0.000286
396.700000 0.000286
396.800000 0.000286
396.900000 0.000286
397.000000 0.000286
397.100000 0.000286
397.200000 0.000287
397.300000 0.000287
397.400000 0.000287
397.500000 0.000287
397.600000 0.000287
397.700000 0.000287
397.800000 0.000287
397.900000 0.000287
398.000000 0.000287
398.100000 0.000286
398.200000 0.000286
398.300000 0.000286
398.400000 0.000286
398.500000 0.000286
398.600000 0.000286
398.700000 0.000286
398.800000 0.000286
398.900000 0.000286
399.000000 0.000286
399.100000 0.000286
399.200000 0.000286
399.300000 0.000286
399.400000 0.000286
399.500000 0.000286
399.600000 0.000286
399.700000 0.000286
399.800000 0.000286
399.900000 0.000286
400.000000 0.000286
400.100000 0.000286
400.200000 0.000286
400.300000 0.000286
400.400000 0.000287
400.500000 0.000287
400.600000 0.000287
400.700000 0.000287
400.800000 0.000287
400.900000 0.000287
401.000000 0.000287
401.100000 0.000287
401.200000 0.000287
401.300000 0.000286
401.400000 0.000286
401.500000 0.000286
401.600000 0.000286
401.700000 0.000286
401.800000 0.000286
401.900000 0.000286
402.000000 0.000286
402.100000 0.000286
402.200000 0.000286
402.300000 0.000286
402.400000 0.000286
402.500000 0.000286
402.600000 0.000286
402.700000 0.000286
402.800000 0.000286
402.900000 0.000286
403.000000 0.000286
403.100000 0.000286
403.200000 0.000286
403.300000 0.000286
403.400000 0.000286
403.500000 0.000287
403.600000 0.000287
403.700000 0.000287
403.800000 0.000287
403.900000 0.000287
404.000000 0.000287
404.100000 0.000287
404.200000 0.000287
404.300000 0.000287
404.400000 0.000286
404.500000 0.000286
404.600000 0.000286
404.700000 0.000286
404.800000 0.000286
404.900000 0.000286
405.000000 0.000286
405.100000 0.000286
405.200000 0.000286
405.300000 0.000286
405.400000 0.000286
405.500000 0.000286
405.600000 0.000286
405.700000 0.000286
405.800000 0.000286
405.900000 0.000286
406.000000 0.000286
406.100000 0.000286
406.200000 0.000286
406.300000 0.000286
406.400000 0.000286
406.500000 0.000286
406.600000 0.000286
406.700000 0.000287
406.800000 0.000287
406.900000 0.000287
407.000000 0.000287
407.100000 0.000287
407.200000 0.000287
407.300000 0.000287
407.400000 0.000287
407.500000 0.000287
407.600000 0.000286
407.700000 0.000286
407.800000 0.000286
407.900000 0.000286
408.000000 0.000286
408.100000 0.000286
408.200000 0.000286
408.300000 0.000286
408.400000 0.000286
408.500000 0.000286
408.600000 0.000286
408.700000 0.000286
408.800000 0.000286
408.900000 0.000286
409.000000 0.000286
409.100000 0.000286
409.200000 0.000286
409.300000 0.000286
409.400000 0.000286
409.500000 0.000286
409.600000 0.000286
409.700000 0.000286
409.800000 0.000286
409.900000 0.000287
410.000000 0.000287
410.100000 0.000287
410.200000 0.000287
410.300000 0.000287
410.400000 0.000287
410.500000 0.000287
410.600000 0.000287
410.700000 0.000286
410.800000 0.000286
410.900000 0.000286
411.000000 0.000286
411.100000 0.000286
411.200000 0.000286
411.300000 0.000286
411.400000 0.000286
411.500000 0.000286
411.600000 0.000286
411.700000 0.000286
411.800000 0.000286
411.900000 0.000286
412.000000 0.000286
412.100000 0.000286
412.200000 0.000286
412.300000 0.000286
412.400000 0.000286
412.500000 0.000286
412.600000 0.000286
412.700000 0.000286
412.800000 0.000286
412.900000 0.000286
413.000000 0.000287
413.100000 0.000287
413.200000 0.000287
413.300000 0.000287
413.400000 0.000287
413.500000 0.000287
413.600000 0.000287
413.700000 0.000287
413.800000 0.000287
413.900000 0.000286
414.000000 0.000286
414.100000 0.000286
414.200000 0.000286
414.300000 0.000286
414.400000 0.000286
414.500000 0.000286
414.600000 0.000286
414.700000 0.000286
414.800000 0.000286
414.900000 0.000286
415.000000 0.000286
415.100000 0.000286
415.200000 0.000286
415.300000 0.000286
415.400000 0.000286
415.500000 0.000286
415.600000 0.000286
415.700000 0.000286
415.800000 0.000286
415.900000 0.000286
416.000000 0.000286
416.100000 0.000286
416.200000 0.000287
416.300000 0.000287
416.400000 0.000287
416.500000 0.000287
416.600000 0.000287
416.700000 0.000287
416.800000 0.000287
416.900000 0.000287
417.000000 0.000287
417.100000 0.000286
417.200000 0.000286
417.300000 0.000286
417.400000 0.000286
417.500000 0.000286
417.600000 0.000286
417.700000 0.000286
417.800000 0.000286
417.900000 0.000286
418.000000 0.000286
418.100000 0.000286
418.200000 0.000286
418.300000 0.000286
418.400000 0.000286
418.500000 0.000286
418.600000 0.000286
418.700000 0.000286
418.800000 0.000286
418.900000 0.000286
419.000000 0.000286
419.100000 0.000286
419.200000 0.000286
419.300000 0.000286
419.400000 0.000287
419.500000 0.000287
419.600000 0.000287
419.700000 0.000287
419.800000 0.000287
419.900000 0.000287
420.000000 0.000287
420.100000 0.000287
420.200000 0.000286
420.300000 0.000286
420.400000 0.000286
420.500000 0.000286
420.600000 0.000286
420.700000 0.000286
420.800000 0.000286
420.900000 0.000286
421.000000 0.000286
421.100000 0.000286
421.200000 0.000286
421.300000 0.000286
421.400000 0.000286
421.500000 0.000286
421.600000 0.000286
421.700000 0.000286
421.800000 0.000286
421.900000 0.000286
422.000000 0.000286
422.100000 0.000286
422.200000 0.000286
422.300000 0.000286
422.400000 0.000286
422.500000 0.000287
422.600000 0.000287
422.700000 0.000287
422.800000 0.000287
422.900000 0.000287
423.000000 0.000287
423.100000 0.000287
423.200000 0.000287
423.300000 0.000287
423.400000 0.000286
423.500000 0.000286
423.600000 0.000286
423.700000 0.000286
423.800000 0.000286
423.900000 0.000286
424.000000 0.000286
424.100000 0.000286
424.200000 0.000286
424.300000 0.000286
424.400000 0.000286
424.500000 0.000286
424.600000 0.000286
424.700000 0.000286
424.800000 0.000286
424.900000 0.000286
425.000000 0.000286
425.100000 0.000286
425.200000 0.000286
425.300000 0.000286
425.400000 0.000286
425.500000 0.000286
425.600000 0.000286
425.700000 0.000287
425.800000 0.000287
425.900000 0.000287
426.000000 0.000287
426.100000 0.000287
426.200000 0.000287
426.300000 0.000287
426.400000 0.000287
426.500000 0.000286
426.600000 0.000286
426.700000 0.000286
426.800000 0.000286
426.900000 0.000286
427.000000 0.000286
427.100000 0.000286
427.200000 0.000286
427.300000 0.000286
427.400000 0.000286
427.500000 0.000286
427.600000 0.000286
427.700000 0.000286
427.800000 0.000286
427.900000 0.000286
428.000000 0.000286
428.100000 0.000286
428.200000 0.000286
428.300000 0.000286
428.400000 0.000286
428.500000 0.000286
428.600000 0.000286
428.700000 0.000286
428.800000 0.000286
428.900000 0.000287
429.000000 0.000287
429.100000 0.000287
429.200000 0.000287
429.300000 0.000287
429.400000 0.000287
429.500000 0.000287
429.600000 0.000287
429.700000 0.000286
429.800000 0.000286
429.900000 0.000286
430.000000 0.000286
430.100000 0.000286
430.200000 0.000286
430.300000 0.000286
430.400000 0.000286
430.500000 0.000286
430.600000 0.000286
430.700000 0.000286
430.800000 0.000286
430.900000 0.000286
431.000000 0.000286
431.100000 0.000286
431.200000 0.000286
431.300000 0.000286
431.400000 0.000286
431.500000 0.000286
431.600000 0.000286
431.700000 0.000286
431.800000 0.000286
431.900000 0.000286
432.000000 0.000287
432.100000 0.000287
432.200000 0.000287
432.300000 0.000287
432.400000 0.000287
432.500000 0.000287
432.600000 0.000287
432.700000 0.000287
432.800000 0.000286
432.900000 0.000286
433.000000 0.000286
433.100000 0.000286
433.200000 0.000286
433.300000 0.000286
433.400000 0.000286
433.500000 0.000286
433.600000 0.000286
433.700000 0.000286
433.800000 0.000286
433.900000 0.000286
434.000000 0.000286
434.100000 0.000286
434.200000 0.000286
434.300000 0.000286
434.400000 0.000286
434.500000 0.000286
434.600000 0.000286
434.700000 0.000286
434.800000 0.000286
434.900000 0.000286
435.000000 0.000286
435.100000 0.000286
435.200000 0.000287
435.300000 0.000287
435.400000 0.000287
435.500000 0.000287
435.600000 0.000287
435.700000 0.000287
435.800000 0.000287
435.900000 0.000287
436.000000 0.000286
436.100000 0.000286
436.200000 0.000286
436.300000 0.000286
436.400000 0.000286
436.500000 0.000286
436.600000 0.000286
436.700000 0.000286
436.800000 0.000286
436.900000 0.000286
437.000000 0.000286
437.100000 0.000286
437.200000 0.000286
437.300000 0.000286
437.400000 0.000286
437.500000 0.000286
437.600000 0.000286
437.700000 0.000286
437.800000 0.000286
437.900000 0.000286
438.000000 0.000286
438.100000 0.000286
438.200000 0.000286
438.300000 0.000287
438.400000 0.000287
438.500000 0.000287
438.600000 0.000287
438.700000 0.000287
438.800000 0.000287
438.900000 0.000287
439.000000 0.000287
439.100000 0.000287
439.200000 0.000286
439.300000 0.000286
439.400000 0.000286
439.500000 0.000286
439.600000 0.000286
439.700000 0.000286
439.800000 0.000286
439.900000 0.000286
440.000000 0.000286
440.100000 0.000286
440.200000 0.000286
440.300000 0.000286
440.400000 0.000286
440.500000 0.000286
440.600000 0.000286
440.700000 0.000286
440.800000 0.000286
440.900000 0.000286
441.000000 0.000286
441.100000 0.000286
441.200000 0.000286
441.300000 0.000286
441.400000 0.000286
441.500000 0.000287
441.600000 0.000287
441.700000 0.000287
441.800000 0.000287
441.900000 0.000287
442.000000 0.000287
442.100000 0.000287
442.200000 0.000287
442.300000 0.000286
442.400000 0.000286
442.500000 0.000286
442.600000 0.000286
442.700000 0.000286
442.800000 0.000286
442.900000 0.000286
443.000000 0.000286
443.100000 0.000286
443.200000 0.000286
443.300000 0.000286
443.400000 0.000286
443.500000 0.000286
443.600000 0.000286
443.700000 0.000286
443.800000 0.000286
443.900000 0.000286
444.000000 0.000286
444.100000 0.000286
444.200000 0.000286
