Graphic of Mass loss for Mu=0.100 C=1.000 Gamma=1.400
0.000000 0.000005
0.100000 0.000039
0.200000 0.000052
0.300000 0.000061
0.400000 0.000066
0.500000 0.000071
0.600000 0.000077
0.700000 0.000083
0.800000 0.000088
0.900000 0.000094
1.000000 0.000099
1.100000 0.000104
1.200000 0.000109
1.300000 0.000113
1.400000 0.000117
1.500000 0.000121
1.600000 0.000124
1.700000 0.000127
1.800000 0.000130
1.900000 0.000133
2.000000 0.000136
2.100000 0.000139
2.200000 0.000141
2.300000 0.000143
2.400000 0.000145
2.500000 0.000146
2.600000 0.000143
2.700000 0.000134
2.800000 0.000113
2.900000 0.000070
3.000000 0.000003
3.100000 -0.000071
3.200000 -0.000121
3.300000 -0.000132
3.400000 -0.000116
3.500000 -0.000086
3.600000 -0.000051
3.700000 -0.000015
3.800000 0.000021
3.900000 0.000056
4.000000 0.000089
4.100000 0.000121
4.200000 0.000151
4.300000 0.000179
4.400000 0.000204
4.500000 0.000228
4.600000 0.000250
4.700000 0.000270
4.800000 0.000287
4.900000 0.000302
5.000000 0.000315
5.100000 0.000325
5.200000 0.000332
5.300000 0.000335
5.400000 0.000336
5.500000 0.000332
5.600000 0.000324
5.700000 0.000312
5.800000 0.000298
5.900000 0.000281
6.000000 0.000265
6.100000 0.000249
6.200000 0.000236
6.300000 0.000225
6.400000 0.000218
6.500000 0.000212
6.600000 0.000209
6.700000 0.000207
6.800000 0.000205
6.900000 0.000204
7.000000 0.000204
7.100000 0.000204
7.200000 0.000204
7.300000 0.000204
7.400000 0.000204
7.500000 0.000204
7.600000 0.000204
7.700000 0.000204
7.800000 0.000205
7.900000 0.000205
8.000000 0.000205
8.100000 0.000206
8.200000 0.000206
8.300000 0.000207
8.400000 0.000208
8.500000 0.000208
8.600000 0.000209
8.700000 0.000209
8.800000 0.000209
8.900000 0.000210
9.000000 0.000210
9.100000 0.000210
9.200000 0.000210
9.300000 0.000209
9.400000 0.000208
9.500000 0.000207
9.600000 0.000204
9.700000 0.000200
9.800000 0.000194
9.900000 0.000185
10.000000 0.000172
10.100000 0.000155
10.200000 0.000134
10.300000 0.000112
10.400000 0.000090
10.500000 0.000071
10.600000 0.000058
10.700000 0.000050
10.800000 0.000047
10.900000 0.000049
11.000000 0.000054
11.100000 0.000060
11.200000 0.000068
11.300000 0.000077
11.400000 0.000087
11.500000 0.000097
11.600000 0.000107
11.700000 0.000118
11.800000 0.000128
11.900000 0.000138
12.000000 0.000149
12.100000 0.000159
12.200000 0.000169
12.300000 0.000179
12.400000 0.000189
12.500000 0.000198
12.600000 0.000208
12.700000 0.000217
12.800000 0.000226
12.900000 0.000235
13.000000 0.000243
13.100000 0.000252
13.200000 0.000260
13.300000 0.000267
13.400000 0.000274
13.500000 0.000281
13.600000 0.000288
13.700000 0.000294
13.800000 0.000300
13.900000 0.000305
14.000000 0.000310
14.100000 0.000314
14.200000 0.000318
14.300000 0.000321
14.400000 0.000323
14.500000 0.000325
14.600000 0.000326
14.700000 0.000325
14.800000 0.000324
14.900000 0.000321
15.000000 0.000317
15.100000 0.000312
15.200000 0.000306
15.300000 0.000299
15.400000 0.000291
15.500000 0.000283
15.600000 0.000275
15.700000 0.000268
15.800000 0.000260
15.900000 0.000254
16.000000 0.000249
16.100000 0.000244
16.200000 0.000240
16.300000 0.000237
16.400000 0.000235
16.500000 0.000233
16.600000 0.000231
16.700000 0.000230
16.800000 0.000228
16.900000 0.000227
17.000000 0.000225
17.100000 0.000222
17.200000 0.000219
17.300000 0.000214
17.400000 0.000208
17.500000 0.000201
17.600000 0.000192
17.700000 0.000181
17.800000 0.000169
17.900000 0.000156
18.000000 0.000144
18.100000 0.000132
18.200000 0.000122
18.300000 0.000114
18.400000 0.000109
18.500000 0.000105
18.600000 0.000104
18.700000 0.000105
18.800000 0.000106
18.900000 0.000109
19.000000 0.000113
19.100000 0.000117
19.200000 0.000122
19.300000 0.000127
19.400000 0.000132
19.500000 0.000137
19.600000 0.000143
19.700000 0.000148
19.800000 0.000154
19.900000 0.000160
20.000000 0.000166
20.100000 0.000172
20.200000 0.000178
20.300000 0.000183
20.400000 0.000189
20.500000 0.000195
20.600000 0.000201
20.700000 0.000207
20.800000 0.000212
20.900000 0.000218
21.000000 0.000224
21.100000 0.000229
21.200000 0.000234
21.300000 0.000240
21.400000 0.000245
21.500000 0.000250
21.600000 0.000255
21.700000 0.000260
21.800000 0.000265
21.900000 0.000270
22.000000 0.000274
22.100000 0.000279
22.200000 0.000283
22.300000 0.000287
22.400000 0.000291
22.500000 0.000295
22.600000 0.000298
22.700000 0.000301
22.800000 0.000305
22.900000 0.000308
23.000000 0.000310
23.100000 0.000313
23.200000 0.000315
23.300000 0.000316
23.400000 0.000318
23.500000 0.000319
23.600000 0.000319
23.700000 0.000319
23.800000 0.000318
23.900000 0.000317
24.000000 0.000315
24.100000 0.000313
24.200000 0.000310
24.300000 0.000306
24.400000 0.000301
24.500000 0.000295
24.600000 0.000289
24.700000 0.000283
24.800000 0.000275
24.900000 0.000267
25.000000 0.000258
25.100000 0.000249
25.200000 0.000239
25.300000 0.000229
25.400000 0.000218
25.500000 0.000207
25.600000 0.000195
25.700000 0.000184
25.800000 0.000173
25.900000 0.000164
26.000000 0.000156
26.100000 0.000149
26.200000 0.000144
26.300000 0.000140
26.400000 0.000137
26.500000 0.000136
26.600000 0.000136
26.700000 0.000137
26.800000 0.000138
26.900000 0.000140
27.000000 0.000142
27.100000 0.000145
27.200000 0.000148
27.300000 0.000151
27.400000 0.000155
27.500000 0.000158
27.600000 0.000162
27.700000 0.000166
27.800000 0.000170
27.900000 0.000174
28.000000 0.000178
28.100000 0.000182
28.200000 0.000186
28.300000 0.000190
28.400000 0.000194
28.500000 0.000198
28.600000 0.000202
28.700000 0.000206
28.800000 0.000210
28.900000 0.000214
29.000000 0.000218
29.100000 0.000222
29.200000 0.000226
29.300000 0.000230
29.400000 0.000234
29.500000 0.000238
29.600000 0.000242
29.700000 0.000246
29.800000 0.000250
29.900000 0.000254
30.000000 0.000257
30.100000 0.000261
30.200000 0.000265
30.300000 0.000268
30.400000 0.000272
30.500000 0.000275
30.600000 0.000278
30.700000 0.000282
30.800000 0.000285
30.900000 0.000288
31.000000 0.000291
31.100000 0.000294
31.200000 0.000296
31.300000 0.000299
31.400000 0.000302
31.500000 0.000304
31.600000 0.000306
31.700000 0.000309
31.800000 0.000310
31.900000 0.000312
32.000000 0.000314
32.100000 0.000315
32.200000 0.000316
32.300000 0.000317
32.400000 0.000317
32.500000 0.000317
32.600000 0.000317
32.700000 0.000315
32.800000 0.000313
32.900000 0.000310
33.000000 0.000306
33.100000 0.000301
33.200000 0.000294
33.300000 0.000285
33.400000 0.000275
33.500000 0.000263
33.600000 0.000250
33.700000 0.000236
33.800000 0.000222
33.900000 0.000209
34.000000 0.000197
34.100000 0.000186
34.200000 0.000178
34.300000 0.000172
34.400000 0.000167
34.500000 0.000164
34.600000 0.000163
34.700000 0.000162
34.800000 0.000162
34.900000 0.000163
35.000000 0.000164
35.100000 0.000166
35.200000 0.000168
35.300000 0.000170
35.400000 0.000172
35.500000 0.000175
35.600000 0.000177
35.700000 0.000180
35.800000 0.000183
35.900000 0.000186
36.000000 0.000189
36.100000 0.000192
36.200000 0.000195
36.300000 0.000198
36.400000 0.000201
36.500000 0.000204
36.600000 0.000207
36.700000 0.000210
36.800000 0.000213
36.900000 0.000216
37.000000 0.000219
37.100000 0.000223
37.200000 0.000226
37.300000 0.000229
37.400000 0.000232
37.500000 0.000235
37.600000 0.000238
37.700000 0.000241
37.800000 0.000244
37.900000 0.000247
38.000000 0.000250
38.100000 0.000253
38.200000 0.000256
38.300000 0.000259
38.400000 0.000262
38.500000 0.000265
38.600000 0.000268
38.700000 0.000271
38.800000 0.000274
38.900000 0.000276
39.000000 0.000279
39.100000 0.000282
39.200000 0.000284
39.300000 0.000287
39.400000 0.000289
39.500000 0.000292
39.600000 0.000294
39.700000 0.000296
39.800000 0.000298
39.900000 0.000301
40.000000 0.000303
40.100000 0.000305
40.200000 0.000306
40.300000 0.000308
40.400000 0.000310
40.500000 0.000311
40.600000 0.000312
40.700000 0.000313
40.800000 0.000314
40.900000 0.000314
41.000000 0.000314
41.100000 0.000313
41.200000 0.000311
41.300000 0.000309
41.400000 0.000306
41.500000 0.000301
41.600000 0.000295
41.700000 0.000288
41.800000 0.000279
41.900000 0.000269
42.000000 0.000258
42.100000 0.000246
42.200000 0.000234
42.300000 0.000223
42.400000 0.000213
42.500000 0.000205
42.600000 0.000198
42.700000 0.000193
42.800000 0.000189
42.900000 0.000187
43.000000 0.000185
43.100000 0.000185
43.200000 0.000185
43.300000 0.000186
43.400000 0.000187
43.500000 0.000188
43.600000 0.000190
43.700000 0.000191
43.800000 0.000193
43.900000 0.000195
44.000000 0.000198
44.100000 0.000200
44.200000 0.000202
44.300000 0.000204
44.400000 0.000207
44.500000 0.000209
44.600000 0.000212
44.700000 0.000214
44.800000 0.000216
44.900000 0.000219
45.000000 0.000221
45.100000 0.000224
45.200000 0.000226
45.300000 0.000229
45.400000 0.000231
45.500000 0.000234
45.600000 0.000236
45.700000 0.000239
45.800000 0.000241
45.900000 0.000244
46.000000 0.000246
46.100000 0.000249
46.200000 0.000251
46.300000 0.000254
46.400000 0.000256
46.500000 0.000259
46.600000 0.000261
46.700000 0.000264
46.800000 0.000266
46.900000 0.000268
47.000000 0.000271
47.100000 0.000273
47.200000 0.000275
47.300000 0.000278
47.400000 0.000280
47.500000 0.000282
47.600000 0.000284
47.700000 0.000286
47.800000 0.000288
47.900000 0.000290
48.000000 0.000292
48.100000 0.000294
48.200000 0.000296
48.300000 0.000298
48.400000 0.000300
48.500000 0.000301
48.600000 0.000303
48.700000 0.000304
48.800000 0.000306
48.900000 0.000307
49.000000 0.000308
49.100000 0.000309
49.200000 0.000309
49.300000 0.000309
49.400000 0.000309
49.500000 0.000308
49.600000 0.000307
49.700000 0.000304
49.800000 0.000301
49.900000 0.000298
50.000000 0.000293
50.100000 0.000287
50.200000 0.000280
50.300000 0.000272
50.400000 0.000263
50.500000 0.000254
50.600000 0.000245
50.700000 0.000237
50.800000 0.000229
50.900000 0.000222
51.000000 0.000216
51.100000 0.000211
51.200000 0.000208
51.300000 0.000205
51.400000 0.000204
51.500000 0.000203
51.600000 0.000202
51.700000 0.000203
51.800000 0.000203
51.900000 0.000204
52.000000 0.000205
52.100000 0.000207
52.200000 0.000208
52.300000 0.000210
52.400000 0.000211
52.500000 0.000213
52.600000 0.000215
52.700000 0.000217
52.800000 0.000219
52.900000 0.000221
53.000000 0.000223
53.100000 0.000225
53.200000 0.000227
53.300000 0.000229
53.400000 0.000231
53.500000 0.000233
53.600000 0.000235
53.700000 0.000237
53.800000 0.000239
53.900000 0.000241
54.000000 0.000244
54.100000 0.000246
54.200000 0.000248
54.300000 0.000250
54.400000 0.000252
54.500000 0.000254
54.600000 0.000256
54.700000 0.000258
54.800000 0.000260
54.900000 0.000262
55.000000 0.000264
55.100000 0.000266
55.200000 0.000268
55.300000 0.000270
55.400000 0.000272
55.500000 0.000274
55.600000 0.000276
55.700000 0.000278
55.800000 0.000280
55.900000 0.000282
56.000000 0.000284
56.100000 0.000286
56.200000 0.000287
56.300000 0.000289
56.400000 0.000291
56.500000 0.000292
56.600000 0.000294
56.700000 0.000296
56.800000 0.000297
56.900000 0.000298
57.000000 0.000300
57.100000 0.000301
57.200000 0.000302
57.300000 0.000303
57.400000 0.000304
57.500000 0.000304
57.600000 0.000305
57.700000 0.000304
57.800000 0.000304
57.900000 0.000303
58.000000 0.000302
58.100000 0.000300
58.200000 0.000297
58.300000 0.000294
58.400000 0.000290
58.500000 0.000285
58.600000 0.000280
58.700000 0.000273
58.800000 0.000267
58.900000 0.000260
59.000000 0.000253
59.100000 0.000246
59.200000 0.000240
59.300000 0.000234
59.400000 0.000230
59.500000 0.000225
59.600000 0.000222
59.700000 0.000219
59.800000 0.000218
59.900000 0.000216
60.000000 0.000216
60.100000 0.000215
60.200000 0.000216
60.300000 0.000216
60.400000 0.000217
60.500000 0.000218
60.600000 0.000219
60.700000 0.000220
60.800000 0.000221
60.900000 0.000223
61.000000 0.000224
61.100000 0.000226
61.200000 0.000228
61.300000 0.000229
61.400000 0.000231
61.500000 0.000233
61.600000 0.000234
61.700000 0.000236
61.800000 0.000238
61.900000 0.000240
62.000000 0.000241
62.100000 0.000243
62.200000 0.000245
62.300000 0.000247
62.400000 0.000248
62.500000 0.000250
62.600000 0.000252
62.700000 0.000254
62.800000 0.000256
62.900000 0.000257
63.000000 0.000259
63.100000 0.000261
63.200000 0.000263
63.300000 0.000264
63.400000 0.000266
63.500000 0.000268
63.600000 0.000270
63.700000 0.000271
63.800000 0.000273
63.900000 0.000275
64.000000 0.000276
64.100000 0.000278
64.200000 0.000280
64.300000 0.000281
64.400000 0.000283
64.500000 0.000285
64.600000 0.000286
64.700000 0.000288
64.800000 0.000289
64.900000 0.000291
65.000000 0.000292
65.100000 0.000293
65.200000 0.000295
65.300000 0.000296
65.400000 0.000297
65.500000 0.000298
65.600000 0.000299
65.700000 0.000299
65.800000 0.000300
65.900000 0.000300
66.000000 0.000300
66.100000 0.000300
66.200000 0.000300
66.300000 0.000299
66.400000 0.000298
66.500000 0.000296
66.600000 0.000294
66.700000 0.000291
66.800000 0.000288
66.900000 0.000284
67.000000 0.000279
67.100000 0.000275
67.200000 0.000269
67.300000 0.000264
67.400000 0.000259
67.500000 0.000253
67.600000 0.000248
67.700000 0.000244
67.800000 0.000239
67.900000 0.000236
68.000000 0.000233
68.100000 0.000230
68.200000 0.000228
68.300000 0.000227
68.400000 0.000226
68.500000 0.000225
68.600000 0.000225
68.700000 0.000225
68.800000 0.000226
68.900000 0.000226
69.000000 0.000227
69.100000 0.000228
69.200000 0.000229
69.300000 0.000230
69.400000 0.000231
69.500000 0.000233
69.600000 0.000234
69.700000 0.000235
69.800000 0.000237
69.900000 0.000238
70.000000 0.000240
70.100000 0.000241
70.200000 0.000243
70.300000 0.000244
70.400000 0.000246
70.500000 0.000247
70.600000 0.000249
70.700000 0.000250
70.800000 0.000252
70.900000 0.000254
71.000000 0.000255
71.100000 0.000257
71.200000 0.000258
71.300000 0.000260
71.400000 0.000261
71.500000 0.000263
71.600000 0.000264
71.700000 0.000266
71.800000 0.000267
71.900000 0.000269
72.000000 0.000271
72.100000 0.000272
72.200000 0.000274
72.300000 0.000275
72.400000 0.000277
72.500000 0.000278
72.600000 0.000279
72.700000 0.000281
72.800000 0.000282
72.900000 0.000284
73.000000 0.000285
73.100000 0.000286
73.200000 0.000288
73.300000 0.000289
73.400000 0.000290
73.500000 0.000291
73.600000 0.000292
73.700000 0.000293
73.800000 0.000294
73.900000 0.000295
74.000000 0.000296
74.100000 0.000296
74.200000 0.000297
74.300000 0.000297
74.400000 0.000297
74.500000 0.000297
74.600000 0.000296
74.700000 0.000295
74.800000 0.000294
74.900000 0.000293
75.000000 0.000291
75.100000 0.000288
75.200000 0.000286
75.300000 0.000283
75.400000 0.000279
75.500000 0.000275
75.600000 0.000271
75.700000 0.000267
75.800000 0.000263
75.900000 0.000258
76.000000 0.000254
76.100000 0.000250
76.200000 0.000247
76.300000 0.000244
76.400000 0.000241
76.500000 0.000238
76.600000 0.000237
76.700000 0.000235
76.800000 0.000234
76.900000 0.000233
77.000000 0.000233
77.100000 0.000233
77.200000 0.000233
77.300000 0.000233
77.400000 0.000234
77.500000 0.000234
77.600000 0.000235
77.700000 0.000236
77.800000 0.000237
77.900000 0.000238
78.000000 0.000239
78.100000 0.000240
78.200000 0.000241
78.300000 0.000243
78.400000 0.000244
78.500000 0.000245
78.600000 0.000246
78.700000 0.000248
78.800000 0.000249
78.900000 0.000250
79.000000 0.000252
79.100000 0.000253
79.200000 0.000255
79.300000 0.000256
79.400000 0.000257
79.500000 0.000259
79.600000 0.000260
79.700000 0.000261
79.800000 0.000263
79.900000 0.000264
80.000000 0.000266
80.100000 0.000267
80.200000 0.000268
80.300000 0.000270
80.400000 0.000271
80.500000 0.000272
80.600000 0.000274
80.700000 0.000275
80.800000 0.000276
80.900000 0.000278
81.000000 0.000279
81.100000 0.000280
81.200000 0.000281
81.300000 0.000283
81.400000 0.000284
81.500000 0.000285
81.600000 0.000286
81.700000 0.000287
81.800000 0.000288
81.900000 0.000289
82.000000 0.000290
82.100000 0.000291
82.200000 0.000292
82.300000 0.000292
82.400000 0.000293
82.500000 0.000293
82.600000 0.000294
82.700000 0.000294
82.800000 0.000294
82.900000 0.000294
83.000000 0.000293
83.100000 0.000292
83.200000 0.000291
83.300000 0.000290
83.400000 0.000288
83.500000 0.000287
83.600000 0.000284
83.700000 0.000282
83.800000 0.000279
83.900000 0.000276
84.000000 0.000272
84.100000 0.000269
84.200000 0.000265
84.300000 0.000262
84.400000 0.000259
84.500000 0.000255
84.600000 0.000252
84.700000 0.000249
84.800000 0.000247
84.900000 0.000245
85.000000 0.000243
85.100000 0.000242
85.200000 0.000240
85.300000 0.000239
85.400000 0.000239
85.500000 0.000239
85.600000 0.000238
85.700000 0.000239
85.800000 0.000239
85.900000 0.000239
86.000000 0.000240
86.100000 0.000240
86.200000 0.000241
86.300000 0.000242
86.400000 0.000243
86.500000 0.000244
86.600000 0.000245
86.700000 0.000246
86.800000 0.000247
86.900000 0.000248
87.000000 0.000249
87.100000 0.000251
87.200000 0.000252
87.300000 0.000253
87.400000 0.000254
87.500000 0.000255
87.600000 0.000257
87.700000 0.000258
87.800000 0.000259
87.900000 0.000260
88.000000 0.000262
88.100000 0.000263
88.200000 0.000264
88.300000 0.000265
88.400000 0.000266
88.500000 0.000268
88.600000 0.000269
88.700000 0.000270
88.800000 0.000271
88.900000 0.000273
89.000000 0.000274
89.100000 0.000275
89.200000 0.000276
89.300000 0.000277
89.400000 0.000278
89.500000 0.000280
89.600000 0.000281
89.700000 0.000282
89.800000 0.000283
89.900000 0.000284
90.000000 0.000285
90.100000 0.000286
90.200000 0.000287
90.300000 0.000288
90.400000 0.000288
90.500000 0.000289
90.600000 0.000290
90.700000 0.000290
90.800000 0.000291
90.900000 0.000291
91.000000 0.000291
91.100000 0.000291
91.200000 0.000291
91.300000 0.000291
91.400000 0.000291
91.500000 0.000290
91.600000 0.000289
91.700000 0.000288
91.800000 0.000287
91.900000 0.000285
92.000000 0.000283
92.100000 0.000281
92.200000 0.000279
92.300000 0.000276
92.400000 0.000273
92.500000 0.000270
92.600000 0.000268
92.700000 0.000265
92.800000 0.000262
92.900000 0.000259
93.000000 0.000256
93.100000 0.000254
93.200000 0.000252
93.300000 0.000250
93.400000 0.000248
93.500000 0.000247
93.600000 0.000246
93.700000 0.000245
93.800000 0.000244
93.900000 0.000243
94.000000 0.000243
94.100000 0.000243
94.200000 0.000243
94.300000 0.000243
94.400000 0.000244
94.500000 0.000244
94.600000 0.000245
94.700000 0.000246
94.800000 0.000246
94.900000 0.000247
95.000000 0.000248
95.100000 0.000249
95.200000 0.000250
95.300000 0.000251
95.400000 0.000252
95.500000 0.000253
95.600000 0.000254
95.700000 0.000255
95.800000 0.000256
95.900000 0.000257
96.000000 0.000258
96.100000 0.000259
96.200000 0.000260
96.300000 0.000261
96.400000 0.000263
96.500000 0.000264
96.600000 0.000265
96.700000 0.000266
96.800000 0.000267
96.900000 0.000268
97.000000 0.000269
97.100000 0.000270
97.200000 0.000272
97.300000 0.000273
97.400000 0.000274
97.500000 0.000275
97.600000 0.000276
97.700000 0.000277
97.800000 0.000278
97.900000 0.000279
98.000000 0.000280
98.100000 0.000281
98.200000 0.000282
98.300000 0.000283
98.400000 0.000284
98.500000 0.000284
98.600000 0.000285
98.700000 0.000286
98.800000 0.000287
98.900000 0.000287
99.000000 0.000288
99.100000 0.000288
99.200000 0.000289
99.300000 0.000289
99.400000 0.000289
99.500000 0.000289
99.600000 0.000289
99.700000 0.000289
99.800000 0.000289
99.900000 0.000288
100.000000 0.000287
100.100000 0.000286
100.200000 0.000285
100.300000 0.000284
100.400000 0.000282
100.500000 0.000280
100.600000 0.000278
100.700000 0.000276
100.800000 0.000274
100.900000 0.000272
101.000000 0.000269
101.100000 0.000267
101.200000 0.000264
101.300000 0.000262
101.400000 0.000260
101.500000 0.000258
101.600000 0.000256
101.700000 0.000254
101.800000 0.000252
101.900000 0.000251
102.000000 0.000250
102.100000 0.000249
102.200000 0.000248
102.300000 0.000248
102.400000 0.000247
102.500000 0.000247
102.600000 0.000247
102.700000 0.000247
102.800000 0.000247
102.900000 0.000248
103.000000 0.000248
103.100000 0.000248
103.200000 0.000249
103.300000 0.000250
103.400000 0.000250
103.500000 0.000251
103.600000 0.000252
103.700000 0.000253
103.800000 0.000254
103.900000 0.000255
104.000000 0.000256
104.100000 0.000257
104.200000 0.000257
104.300000 0.000258
104.400000 0.000259
104.500000 0.000260
104.600000 0.000261
104.700000 0.000262
104.800000 0.000263
104.900000 0.000264
105.000000 0.000266
105.100000 0.000267
105.200000 0.000268
105.300000 0.000269
105.400000 0.000270
105.500000 0.000271
105.600000 0.000272
105.700000 0.000273
105.800000 0.000274
105.900000 0.000275
106.000000 0.000276
106.100000 0.000276
106.200000 0.000277
106.300000 0.000278
106.400000 0.000279
106.500000 0.000280
106.600000 0.000281
106.700000 0.000282
106.800000 0.000283
106.900000 0.000283
107.000000 0.000284
107.100000 0.000285
107.200000 0.000285
107.300000 0.000286
107.400000 0.000286
107.500000 0.000287
107.600000 0.000287
107.700000 0.000287
107.800000 0.000287
107.900000 0.000287
108.000000 0.000287
108.100000 0.000287
108.200000 0.000287
108.300000 0.000286
108.400000 0.000286
108.500000 0.000285
108.600000 0.000284
108.700000 0.000283
108.800000 0.000281
108.900000 0.000280
109.000000 0.000278
109.100000 0.000276
109.200000 0.000274
109.300000 0.000272
109.400000 0.000270
109.500000 0.000268
109.600000 0.000266
109.700000 0.000264
109.800000 0.000262
109.900000 0.000260
110.000000 0.000259
110.100000 0.000257
110.200000 0.000256
110.300000 0.000254
110.400000 0.000253
110.500000 0.000252
110.600000 0.000252
110.700000 0.000251
110.800000 0.000251
110.900000 0.000250
111.000000 0.000250
111.100000 0.000250
111.200000 0.000250
111.300000 0.000250
111.400000 0.000251
111.500000 0.000251
111.600000 0.000252
111.700000 0.000252
111.800000 0.000253
111.900000 0.000253
112.000000 0.000254
112.100000 0.000255
112.200000 0.000255
112.300000 0.000256
112.400000 0.000257
112.500000 0.000258
112.600000 0.000259
112.700000 0.000260
112.800000 0.000261
112.900000 0.000261
113.000000 0.000262
113.100000 0.000263
113.200000 0.000264
113.300000 0.000265
113.400000 0.000266
113.500000 0.000267
113.600000 0.000268
113.700000 0.000269
113.800000 0.000270
113.900000 0.000271
114.000000 0.000272
114.100000 0.000273
114.200000 0.000273
114.300000 0.000274
114.400000 0.000275
114.500000 0.000276
114.600000 0.000277
114.700000 0.000278
114.800000 0.000279
114.900000 0.000279
115.000000 0.000280
115.100000 0.000281
115.200000 0.000282
115.300000 0.000282
115.400000 0.000283
115.500000 0.000283
115.600000 0.000284
115.700000 0.000285
115.800000 0.000285
115.900000 0.000285
116.000000 0.000286
116.100000 0.000286
116.200000 0.000286
116.300000 0.000286
116.400000 0.000286
116.500000 0.000286
116.600000 0.000285
116.700000 0.000285
116.800000 0.000284
116.900000 0.000283
117.000000 0.000283
117.100000 0.000282
117.200000 0.000280
117.300000 0.000279
117.400000 0.000278
117.500000 0.000276
117.600000 0.000275
117.700000 0.000273
117.800000 0.000271
117.900000 0.000270
118.000000 0.000268
118.100000 0.000266
118.200000 0.000264
118.300000 0.000263
118.400000 0.000261
118.500000 0.000260
118.600000 0.000258
118.700000 0.000257
118.800000 0.000256
118.900000 0.000255
119.000000 0.000255
119.100000 0.000254
119.200000 0.000253
119.300000 0.000253
119.400000 0.000253
119.500000 0.000253
119.600000 0.000253
119.700000 0.000253
119.800000 0.000253
119.900000 0.000253
120.000000 0.000254
120.100000 0.000254
120.200000 0.000255
120.300000 0.000255
120.400000 0.000256
120.500000 0.000256
120.600000 0.000257
120.700000 0.000258
120.800000 0.000258
120.900000 0.000259
121.000000 0.000260
121.100000 0.000261
121.200000 0.000261
121.300000 0.000262
121.400000 0.000263
121.500000 0.000264
121.600000 0.000265
121.700000 0.000266
121.800000 0.000266
121.900000 0.000267
122.000000 0.000268
122.100000 0.000269
122.200000 0.000270
122.300000 0.000271
122.400000 0.000272
122.500000 0.000272
122.600000 0.000273
122.700000 0.000274
122.800000 0.000275
122.900000 0.000276
123.000000 0.000276
123.100000 0.000277
123.200000 0.000278
123.300000 0.000279
123.400000 0.000279
123.500000 0.000280
123.600000 0.000281
123.700000 0.000281
123.800000 0.000282
123.900000 0.000282
124.000000 0.000283
124.100000 0.000283
124.200000 0.000284
124.300000 0.000284
124.400000 0.000284
124.500000 0.000284
124.600000 0.000285
124.700000 0.000285
124.800000 0.000284
124.900000 0.000284
125.000000 0.000284
125.100000 0.000284
125.200000 0.000283
125.300000 0.000282
125.400000 0.000282
125.500000 0.000281
125.600000 0.000280
125.700000 0.000279
125.800000 0.000278
125.900000 0.000276
126.000000 0.000275
126.100000 0.000274
126.200000 0.000272
126.300000 0.000271
126.400000 0.000269
126.500000 0.000268
126.600000 0.000266
126.700000 0.000265
126.800000 0.000263
126.900000 0.000262
127.000000 0.000261
127.100000 0.000260
127.200000 0.000259
127.300000 0.000258
127.400000 0.000257
127.500000 0.000256
127.600000 0.000256
127.700000 0.000255
127.800000 0.000255
127.900000 0.000255
128.000000 0.000255
128.100000 0.000255
128.200000 0.000255
128.300000 0.000255
128.400000 0.000256
128.500000 0.000256
128.600000 0.000256
128.700000 0.000257
128.800000 0.000257
128.900000 0.000258
129.000000 0.000258
129.100000 0.000259
129.200000 0.000259
129.300000 0.000260
129.400000 0.000261
129.500000 0.000262
129.600000 0.000262
129.700000 0.000263
129.800000 0.000264
129.900000 0.000264
130.000000 0.000265
130.100000 0.000266
130.200000 0.000267
130.300000 0.000268
130.400000 0.000268
130.500000 0.000269
130.600000 0.000270
130.700000 0.000271
130.800000 0.000272
130.900000 0.000272
131.000000 0.000273
131.100000 0.000274
131.200000 0.000275
131.300000 0.000275
131.400000 0.000276
131.500000 0.000277
131.600000 0.000277
131.700000 0.000278
131.800000 0.000279
131.900000 0.000279
132.000000 0.000280
132.100000 0.000280
132.200000 0.000281
132.300000 0.000281
132.400000 0.000282
132.500000 0.000282
132.600000 0.000283
132.700000 0.000283
132.800000 0.000283
132.900000 0.000283
133.000000 0.000283
133.100000 0.000283
133.200000 0.000283
133.300000 0.000283
133.400000 0.000283
133.500000 0.000283
133.600000 0.000282
133.700000 0.000282
133.800000 0.000281
133.900000 0.000280
134.000000 0.000279
134.100000 0.000278
134.200000 0.000277
134.300000 0.000276
134.400000 0.000275
134.500000 0.000274
134.600000 0.000273
134.700000 0.000271
134.800000 0.000270
134.900000 0.000269
135.000000 0.000267
135.100000 0.000266
135.200000 0.000265
135.300000 0.000264
135.400000 0.000263
135.500000 0.000262
135.600000 0.000261
135.700000 0.000260
135.800000 0.000259
135.900000 0.000259
136.000000 0.000258
136.100000 0.000258
136.200000 0.000257
136.300000 0.000257
136.400000 0.000257
136.500000 0.000257
136.600000 0.000257
136.700000 0.000257
136.800000 0.000257
136.900000 0.000257
137.000000 0.000258
137.100000 0.000258
137.200000 0.000258
137.300000 0.000259
137.400000 0.000259
137.500000 0.000260
137.600000 0.000260
137.700000 0.000261
137.800000 0.000262
137.900000 0.000262
138.000000 0.000263
138.100000 0.000264
138.200000 0.000264
138.300000 0.000265
138.400000 0.000266
138.500000 0.000266
138.600000 0.000267
138.700000 0.000268
138.800000 0.000269
138.900000 0.000269
139.000000 0.000270
139.100000 0.000271
139.200000 0.000271
139.300000 0.000272
139.400000 0.000273
139.500000 0.000274
139.600000 0.000274
139.700000 0.000275
139.800000 0.000276
139.900000 0.000276
140.000000 0.000277
140.100000 0.000277
140.200000 0.000278
140.300000 0.000279
140.400000 0.000279
140.500000 0.000280
140.600000 0.000280
140.700000 0.000281
140.800000 0.000281
140.900000 0.000281
141.000000 0.000282
141.100000 0.000282
141.200000 0.000282
141.300000 0.000282
141.400000 0.000282
141.500000 0.000282
141.600000 0.000282
141.700000 0.000282
141.800000 0.000282
141.900000 0.000282
142.000000 0.000281
142.100000 0.000281
142.200000 0.000280
142.300000 0.000280
142.400000 0.000279
142.500000 0.000278
142.600000 0.000277
142.700000 0.000276
142.800000 0.000275
142.900000 0.000274
143.000000 0.000273
143.100000 0.000272
143.200000 0.000271
143.300000 0.000270
143.400000 0.000268
143.500000 0.000267
143.600000 0.000266
143.700000 0.000265
143.800000 0.000264
143.900000 0.000263
144.000000 0.000262
144.100000 0.000262
144.200000 0.000261
144.300000 0.000260
144.400000 0.000260
144.500000 0.000259
144.600000 0.000259
144.700000 0.000259
144.800000 0.000259
144.900000 0.000259
145.000000 0.000258
145.100000 0.000259
145.200000 0.000259
145.300000 0.000259
145.400000 0.000259
145.500000 0.000259
145.600000 0.000260
145.700000 0.000260
145.800000 0.000260
145.900000 0.000261
146.000000 0.000261
146.100000 0.000262
146.200000 0.000262
146.300000 0.000263
146.400000 0.000264
146.500000 0.000264
146.600000 0.000265
146.700000 0.000265
146.800000 0.000266
146.900000 0.000267
147.000000 0.000267
147.100000 0.000268
147.200000 0.000269
147.300000 0.000269
147.400000 0.000270
147.500000 0.000271
147.600000 0.000271
147.700000 0.000272
147.800000 0.000273
147.900000 0.000273
148.000000 0.000274
148.100000 0.000275
148.200000 0.000275
148.300000 0.000276
148.400000 0.000276
148.500000 0.000277
148.600000 0.000277
148.700000 0.000278
148.800000 0.000278
148.900000 0.000279
149.000000 0.000279
149.100000 0.000280
149.200000 0.000280
149.300000 0.000280
149.400000 0.000281
149.500000 0.000281
149.600000 0.000281
149.700000 0.000281
149.800000 0.000281
149.900000 0.000281
150.000000 0.000281
150.100000 0.000281
150.200000 0.000281
150.300000 0.000281
150.400000 0.000280
150.500000 0.000280
150.600000 0.000280
150.700000 0.000279
150.800000 0.000278
150.900000 0.000278
151.000000 0.000277
151.100000 0.000276
151.200000 0.000275
151.300000 0.000274
151.400000 0.000273
151.500000 0.000272
151.600000 0.000271
151.700000 0.000270
151.800000 0.000269
151.900000 0.000268
152.000000 0.000267
152.100000 0.000266
152.200000 0.000266
152.300000 0.000265
152.400000 0.000264
152.500000 0.000263
152.600000 0.000263
152.700000 0.000262
152.800000 0.000261
152.900000 0.000261
153.000000 0.000261
153.100000 0.000260
153.200000 0.000260
153.300000 0.000260
153.400000 0.000260
153.500000 0.000260
153.600000 0.000260
153.700000 0.000260
153.800000 0.000260
153.900000 0.000261
154.000000 0.000261
154.100000 0.000261
154.200000 0.000261
154.300000 0.000262
154.400000 0.000262
154.500000 0.000263
154.600000 0.000263
154.700000 0.000264
154.800000 0.000264
154.900000 0.000265
155.000000 0.000265
155.100000 0.000266
155.200000 0.000266
155.300000 0.000267
155.400000 0.000268
155.500000 0.000268
155.600000 0.000269
155.700000 0.000269
155.800000 0.000270
155.900000 0.000271
156.000000 0.000271
156.100000 0.000272
156.200000 0.000273
156.300000 0.000273
156.400000 0.000274
156.500000 0.000274
156.600000 0.000275
156.700000 0.000275
156.800000 0.000276
156.900000 0.000276
157.000000 0.000277
157.100000 0.000277
157.200000 0.000278
157.300000 0.000278
157.400000 0.000279
157.500000 0.000279
157.600000 0.000279
157.700000 0.000280
157.800000 0.000280
157.900000 0.000280
158.000000 0.000280
158.100000 0.000281
158.200000 0.000281
158.300000 0.000281
158.400000 0.000281
158.500000 0.000280
158.600000 0.000280
158.700000 0.000280
158.800000 0.000280
158.900000 0.000279
159.000000 0.000279
159.100000 0.000279
159.200000 0.000278
159.300000 0.000277
159.400000 0.000277
159.500000 0.000276
159.600000 0.000275
159.700000 0.000275
159.800000 0.000274
159.900000 0.000273
160.000000 0.000272
160.100000 0.000271
160.200000 0.000270
160.300000 0.000269
160.400000 0.000268
160.500000 0.000268
160.600000 0.000267
160.700000 0.000266
160.800000 0.000265
160.900000 0.000265
161.000000 0.000264
161.100000 0.000263
161.200000 0.000263
161.300000 0.000262
161.400000 0.000262
161.500000 0.000262
161.600000 0.000262
161.700000 0.000261
161.800000 0.000261
161.900000 0.000261
162.000000 0.000261
162.100000 0.000261
162.200000 0.000261
162.300000 0.000262
162.400000 0.000262
162.500000 0.000262
162.600000 0.000262
162.700000 0.000263
162.800000 0.000263
162.900000 0.000263
163.000000 0.000264
163.100000 0.000264
163.200000 0.000265
163.300000 0.000265
163.400000 0.000266
163.500000 0.000266
163.600000 0.000267
163.700000 0.000267
163.800000 0.000268
163.900000 0.000268
164.000000 0.000269
164.100000 0.000270
164.200000 0.000270
164.300000 0.000271
164.400000 0.000271
164.500000 0.000272
164.600000 0.000272
164.700000 0.000273
164.800000 0.000273
164.900000 0.000274
165.000000 0.000274
165.100000 0.000275
165.200000 0.000276
165.300000 0.000276
165.400000 0.000276
165.500000 0.000277
165.600000 0.000277
165.700000 0.000278
165.800000 0.000278
165.900000 0.000278
166.000000 0.000279
166.100000 0.000279
166.200000 0.000279
166.300000 0.000280
166.400000 0.000280
166.500000 0.000280
166.600000 0.000280
166.700000 0.000280
166.800000 0.000280
166.900000 0.000280
167.000000 0.000280
167.100000 0.000279
167.200000 0.000279
167.300000 0.000279
167.400000 0.000279
167.500000 0.000278
167.600000 0.000278
167.700000 0.000277
167.800000 0.000277
167.900000 0.000276
168.000000 0.000275
168.100000 0.000275
168.200000 0.000274
168.300000 0.000273
168.400000 0.000272
168.500000 0.000272
168.600000 0.000271
168.700000 0.000270
168.800000 0.000269
168.900000 0.000268
169.000000 0.000268
169.100000 0.000267
169.200000 0.000266
169.300000 0.000266
169.400000 0.000265
169.500000 0.000265
169.600000 0.000264
169.700000 0.000264
169.800000 0.000263
169.900000 0.000263
170.000000 0.000263
170.100000 0.000263
170.200000 0.000262
170.300000 0.000262
170.400000 0.000262
170.500000 0.000262
170.600000 0.000262
170.700000 0.000263
170.800000 0.000263
170.900000 0.000263
171.000000 0.000263
171.100000 0.000263
171.200000 0.000264
171.300000 0.000264
171.400000 0.000264
171.500000 0.000265
171.600000 0.000265
171.700000 0.000266
171.800000 0.000266
171.900000 0.000267
172.000000 0.000267
172.100000 0.000268
172.200000 0.000268
172.300000 0.000269
172.400000 0.000269
172.500000 0.000270
172.600000 0.000270
172.700000 0.000271
172.800000 0.000271
172.900000 0.000272
173.000000 0.000272
173.100000 0.000273
173.200000 0.000273
173.300000 0.000274
173.400000 0.000274
173.500000 0.000275
173.600000 0.000275
173.700000 0.000276
173.800000 0.000276
173.900000 0.000276
174.000000 0.000277
174.100000 0.000277
174.200000 0.000278
174.300000 0.000278
174.400000 0.000278
174.500000 0.000278
174.600000 0.000279
174.700000 0.000279
174.800000 0.000279
174.900000 0.000279
175.000000 0.000279
175.100000 0.000279
175.200000 0.000279
175.300000 0.000279
175.400000 0.000279
175.500000 0.000279
175.600000 0.000279
175.700000 0.000278
175.800000 0.000278
175.900000 0.000278
176.000000 0.000277
176.100000 0.000277
176.200000 0.000276
176.300000 0.000276
176.400000 0.000275
176.500000 0.000275
176.600000 0.000274
176.700000 0.000273
176.800000 0.000273
176.900000 0.000272
177.000000 0.000271
177.100000 0.000271
177.200000 0.000270
177.300000 0.000269
177.400000 0.000268
177.500000 0.000268
177.600000 0.000267
177.700000 0.000267
177.800000 0.000266
177.900000 0.000266
178.000000 0.000265
178.100000 0.000265
178.200000 0.000264
178.300000 0.000264
178.400000 0.000264
178.500000 0.000264
178.600000 0.000263
178.700000 0.000263
178.800000 0.000263
178.900000 0.000263
179.000000 0.000263
179.100000 0.000263
179.200000 0.000264
179.300000 0.000264
179.400000 0.000264
179.500000 0.000264
179.600000 0.000264
179.700000 0.000265
179.800000 0.000265
179.900000 0.000265
180.000000 0.000266
180.100000 0.000266
180.200000 0.000267
180.300000 0.000267
180.400000 0.000267
180.500000 0.000268
180.600000 0.000268
180.700000 0.000269
180.800000 0.000269
180.900000 0.000270
181.000000 0.000270
181.100000 0.000271
181.200000 0.000271
181.300000 0.000272
181.400000 0.000272
181.500000 0.000273
181.600000 0.000273
181.700000 0.000273
181.800000 0.000274
181.900000 0.000274
182.000000 0.000275
182.100000 0.000275
182.200000 0.000276
182.300000 0.000276
182.400000 0.000276
182.500000 0.000277
182.600000 0.000277
182.700000 0.000277
182.800000 0.000278
182.900000 0.000278
183.000000 0.000278
183.100000 0.000278
183.200000 0.000278
183.300000 0.000279
183.400000 0.000279
183.500000 0.000279
183.600000 0.000279
183.700000 0.000279
183.800000 0.000279
183.900000 0.000278
184.000000 0.000278
184.100000 0.000278
184.200000 0.000278
184.300000 0.000277
184.400000 0.000277
184.500000 0.000277
184.600000 0.000276
184.700000 0.000276
184.800000 0.000275
184.900000 0.000275
185.000000 0.000274
185.100000 0.000274
185.200000 0.000273
185.300000 0.000272
185.400000 0.000272
185.500000 0.000271
185.600000 0.000270
185.700000 0.000270
185.800000 0.000269
185.900000 0.000269
186.000000 0.000268
186.100000 0.000267
186.200000 0.000267
186.300000 0.000266
186.400000 0.000266
186.500000 0.000266
186.600000 0.000265
186.700000 0.000265
186.800000 0.000265
186.900000 0.000265
187.000000 0.000264
187.100000 0.000264
187.200000 0.000264
187.300000 0.000264
187.400000 0.000264
187.500000 0.000264
187.600000 0.000264
187.700000 0.000264
187.800000 0.000265
187.900000 0.000265
188.000000 0.000265
188.100000 0.000265
188.200000 0.000266
188.300000 0.000266
188.400000 0.000266
188.500000 0.000267
188.600000 0.000267
188.700000 0.000267
188.800000 0.000268
188.900000 0.000268
189.000000 0.000268
189.100000 0.000269
189.200000 0.000269
189.300000 0.000270
189.400000 0.000270
189.500000 0.000271
189.600000 0.000271
189.700000 0.000272
189.800000 0.000272
189.900000 0.000272
190.000000 0.000273
190.100000 0.000273
190.200000 0.000274
190.300000 0.000274
190.400000 0.000274
190.500000 0.000275
190.600000 0.000275
190.700000 0.000276
190.800000 0.000276
190.900000 0.000276
191.000000 0.000277
191.100000 0.000277
191.200000 0.000277
191.300000 0.000277
191.400000 0.000278
191.500000 0.000278
191.600000 0.000278
191.700000 0.000278
191.800000 0.000278
191.900000 0.000278
192.000000 0.000278
192.100000 0.000278
192.200000 0.000278
192.300000 0.000278
192.400000 0.000278
192.500000 0.000278
192.600000 0.000277
192.700000 0.000277
192.800000 0.000277
192.900000 0.000276
193.000000 0.000276
193.100000 0.000276
193.200000 0.000275
193.300000 0.000275
193.400000 0.000274
193.500000 0.000274
193.600000 0.000273
193.700000 0.000273
193.800000 0.000272
193.900000 0.000271
194.000000 0.000271
194.100000 0.000270
194.200000 0.000270
194.300000 0.000269
194.400000 0.000269
194.500000 0.000268
194.600000 0.000268
194.700000 0.000267
194.800000 0.000267
194.900000 0.000267
195.000000 0.000266
195.100000 0.000266
195.200000 0.000266
195.300000 0.000265
195.400000 0.000265
195.500000 0.000265
195.600000 0.000265
195.700000 0.000265
195.800000 0.000265
195.900000 0.000265
196.000000 0.000265
196.100000 0.000265
196.200000 0.000265
196.300000 0.000265
196.400000 0.000266
196.500000 0.000266
196.600000 0.000266
196.700000 0.000266
196.800000 0.000267
196.900000 0.000267
197.000000 0.000267
197.100000 0.000268
197.200000 0.000268
197.300000 0.000268
197.400000 0.000269
197.500000 0.000269
197.600000 0.000269
197.700000 0.000270
197.800000 0.000270
197.900000 0.000271
198.000000 0.000271
198.100000 0.000271
198.200000 0.000272
198.300000 0.000272
198.400000 0.000273
198.500000 0.000273
198.600000 0.000273
198.700000 0.000274
198.800000 0.000274
198.900000 0.000275
199.000000 0.000275
199.100000 0.000275
199.200000 0.000276
199.300000 0.000276
199.400000 0.000276
199.500000 0.000276
199.600000 0.000277
199.700000 0.000277
199.800000 0.000277
199.900000 0.000277
200.000000 0.000277
200.100000 0.000278
200.200000 0.000278
200.300000 0.000278
200.400000 0.000278
200.500000 0.000278
200.600000 0.000278
200.700000 0.000278
200.800000 0.000277
200.900000 0.000277
201.000000 0.000277
201.100000 0.000277
201.200000 0.000277
201.300000 0.000276
201.400000 0.000276
201.500000 0.000276
201.600000 0.000275
201.700000 0.000275
201.800000 0.000274
201.900000 0.000274
202.000000 0.000273
202.100000 0.000273
202.200000 0.000272
202.300000 0.000272
202.400000 0.000271
202.500000 0.000271
202.600000 0.000270
202.700000 0.000270
202.800000 0.000269
202.900000 0.000269
203.000000 0.000268
203.100000 0.000268
203.200000 0.000268
203.300000 0.000267
203.400000 0.000267
203.500000 0.000267
203.600000 0.000266
203.700000 0.000266
203.800000 0.000266
203.900000 0.000266
204.000000 0.000266
204.100000 0.000266
204.200000 0.000266
204.300000 0.000266
204.400000 0.000266
204.500000 0.000266
204.600000 0.000266
204.700000 0.000266
204.800000 0.000266
204.900000 0.000266
205.000000 0.000267
205.100000 0.000267
205.200000 0.000267
205.300000 0.000267
205.400000 0.000268
205.500000 0.000268
205.600000 0.000268
205.700000 0.000268
205.800000 0.000269
205.900000 0.000269
206.000000 0.000270
206.100000 0.000270
206.200000 0.000270
206.300000 0.000271
206.400000 0.000271
206.500000 0.000271
206.600000 0.000272
206.700000 0.000272
206.800000 0.000273
206.900000 0.000273
207.000000 0.000273
207.100000 0.000274
207.200000 0.000274
207.300000 0.000274
207.400000 0.000275
207.500000 0.000275
207.600000 0.000275
207.700000 0.000276
207.800000 0.000276
207.900000 0.000276
208.000000 0.000276
208.100000 0.000276
208.200000 0.000277
208.300000 0.000277
208.400000 0.000277
208.500000 0.000277
208.600000 0.000277
208.700000 0.000277
208.800000 0.000277
208.900000 0.000277
209.000000 0.000277
209.100000 0.000277
209.200000 0.000277
209.300000 0.000277
209.400000 0.000277
209.500000 0.000277
209.600000 0.000276
209.700000 0.000276
209.800000 0.000276
209.900000 0.000275
210.000000 0.000275
210.100000 0.000275
210.200000 0.000274
210.300000 0.000274
210.400000 0.000273
210.500000 0.000273
210.600000 0.000273
210.700000 0.000272
210.800000 0.000272
210.900000 0.000271
211.000000 0.000271
211.100000 0.000270
211.200000 0.000270
211.300000 0.000269
211.400000 0.000269
211.500000 0.000269
211.600000 0.000268
211.700000 0.000268
211.800000 0.000268
211.900000 0.000267
212.000000 0.000267
212.100000 0.000267
212.200000 0.000267
212.300000 0.000267
212.400000 0.000266
212.500000 0.000266
212.600000 0.000266
212.700000 0.000266
212.800000 0.000266
212.900000 0.000266
213.000000 0.000266
213.100000 0.000266
213.200000 0.000267
213.300000 0.000267
213.400000 0.000267
213.500000 0.000267
213.600000 0.000267
213.700000 0.000268
213.800000 0.000268
213.900000 0.000268
214.000000 0.000268
214.100000 0.000269
214.200000 0.000269
214.300000 0.000269
214.400000 0.000270
214.500000 0.000270
214.600000 0.000270
214.700000 0.000271
214.800000 0.000271
214.900000 0.000271
215.000000 0.000272
215.100000 0.000272
215.200000 0.000272
215.300000 0.000273
215.400000 0.000273
215.500000 0.000273
215.600000 0.000274
215.700000 0.000274
215.800000 0.000274
215.900000 0.000275
216.000000 0.000275
216.100000 0.000275
216.200000 0.000275
216.300000 0.000276
216.400000 0.000276
216.500000 0.000276
216.600000 0.000276
216.700000 0.000276
216.800000 0.000277
216.900000 0.000277
217.000000 0.000277
217.100000 0.000277
217.200000 0.000277
217.300000 0.000277
217.400000 0.000277
217.500000 0.000277
217.600000 0.000277
217.700000 0.000277
217.800000 0.000276
217.900000 0.000276
218.000000 0.000276
218.100000 0.000276
218.200000 0.000276
218.300000 0.000275
218.400000 0.000275
218.500000 0.000275
218.600000 0.000274
218.700000 0.000274
218.800000 0.000274
218.900000 0.000273
219.000000 0.000273
219.100000 0.000272
219.200000 0.000272
219.300000 0.000272
219.400000 0.000271
219.500000 0.000271
219.600000 0.000270
219.700000 0.000270
219.800000 0.000270
219.900000 0.000269
220.000000 0.000269
220.100000 0.000269
220.200000 0.000268
220.300000 0.000268
220.400000 0.000268
220.500000 0.000268
220.600000 0.000267
220.700000 0.000267
220.800000 0.000267
220.900000 0.000267
221.000000 0.000267
221.100000 0.000267
221.200000 0.000267
221.300000 0.000267
221.400000 0.000267
221.500000 0.000267
221.600000 0.000267
221.700000 0.000267
221.800000 0.000267
221.900000 0.000268
222.000000 0.000268
222.100000 0.000268
222.200000 0.000268
222.300000 0.000268
222.400000 0.000269
222.500000 0.000269
222.600000 0.000269
222.700000 0.000269
222.800000 0.000270
222.900000 0.000270
223.000000 0.000270
223.100000 0.000271
223.200000 0.000271
223.300000 0.000271
223.400000 0.000272
223.500000 0.000272
223.600000 0.000272
223.700000 0.000273
223.800000 0.000273
223.900000 0.000273
224.000000 0.000274
224.100000 0.000274
224.200000 0.000274
224.300000 0.000274
224.400000 0.000275
224.500000 0.000275
224.600000 0.000275
224.700000 0.000275
224.800000 0.000276
224.900000 0.000276
225.000000 0.000276
225.100000 0.000276
225.200000 0.000276
225.300000 0.000276
225.400000 0.000276
225.500000 0.000276
225.600000 0.000277
225.700000 0.000277
225.800000 0.000277
225.900000 0.000276
226.000000 0.000276
226.100000 0.000276
226.200000 0.000276
226.300000 0.000276
226.400000 0.000276
226.500000 0.000276
226.600000 0.000275
226.700000 0.000275
226.800000 0.000275
226.900000 0.000275
227.000000 0.000274
227.100000 0.000274
227.200000 0.000274
227.300000 0.000273
227.400000 0.000273
227.500000 0.000273
227.600000 0.000272
227.700000 0.000272
227.800000 0.000271
227.900000 0.000271
228.000000 0.000271
228.100000 0.000270
228.200000 0.000270
228.300000 0.000270
228.400000 0.000269
228.500000 0.000269
228.600000 0.000269
228.700000 0.000269
228.800000 0.000268
228.900000 0.000268
229.000000 0.000268
229.100000 0.000268
229.200000 0.000268
229.300000 0.000268
229.400000 0.000267
229.500000 0.000267
229.600000 0.000267
229.700000 0.000267
229.800000 0.000267
229.900000 0.000267
230.000000 0.000268
230.100000 0.000268
230.200000 0.000268
230.300000 0.000268
230.400000 0.000268
230.500000 0.000268
230.600000 0.000268
230.700000 0.000269
230.800000 0.000269
230.900000 0.000269
231.000000 0.000269
231.100000 0.000270
231.200000 0.000270
231.300000 0.000270
231.400000 0.000270
231.500000 0.000271
231.600000 0.000271
231.700000 0.000271
231.800000 0.000272
231.900000 0.000272
232.000000 0.000272
232.100000 0.000272
232.200000 0.000273
232.300000 0.000273
232.400000 0.000273
232.500000 0.000274
232.600000 0.000274
232.700000 0.000274
232.800000 0.000274
232.900000 0.000275
233.000000 0.000275
233.100000 0.000275
233.200000 0.000275
233.300000 0.000275
233.400000 0.000276
233.500000 0.000276
233.600000 0.000276
233.700000 0.000276
233.800000 0.000276
233.900000 0.000276
234.000000 0.000276
234.100000 0.000276
234.200000 0.000276
234.300000 0.000276
234.400000 0.000276
234.500000 0.000276
234.600000 0.000276
234.700000 0.000276
234.800000 0.000276
234.900000 0.000276
235.000000 0.000275
235.100000 0.000275
235.200000 0.000275
235.300000 0.000275
235.400000 0.000274
235.500000 0.000274
235.600000 0.000274
235.700000 0.000273
235.800000 0.000273
235.900000 0.000273
236.000000 0.000272
236.100000 0.000272
236.200000 0.000272
236.300000 0.000271
236.400000 0.000271
236.500000 0.000271
236.600000 0.000270
236.700000 0.000270
236.800000 0.000270
236.900000 0.000270
237.000000 0.000269
237.100000 0.000269
237.200000 0.000269
237.300000 0.000269
237.400000 0.000268
237.500000 0.000268
237.600000 0.000268
237.700000 0.000268
237.800000 0.000268
237.900000 0.000268
238.000000 0.000268
238.100000 0.000268
238.200000 0.000268
238.300000 0.000268
238.400000 0.000268
238.500000 0.000268
238.600000 0.000268
238.700000 0.000268
238.800000 0.000268
238.900000 0.000269
239.000000 0.000269
239.100000 0.000269
239.200000 0.000269
239.300000 0.000269
239.400000 0.000269
239.500000 0.000270
239.600000 0.000270
239.700000 0.000270
239.800000 0.000270
239.900000 0.000271
240.000000 0.000271
240.100000 0.000271
240.200000 0.000272
240.300000 0.000272
240.400000 0.000272
240.500000 0.000272
240.600000 0.000273
240.700000 0.000273
240.800000 0.000273
240.900000 0.000273
241.000000 0.000274
241.100000 0.000274
241.200000 0.000274
241.300000 0.000274
241.400000 0.000275
241.500000 0.000275
241.600000 0.000275
241.700000 0.000275
241.800000 0.000275
241.900000 0.000275
242.000000 0.000276
242.100000 0.000276
242.200000 0.000276
242.300000 0.000276
242.400000 0.000276
242.500000 0.000276
242.600000 0.000276
242.700000 0.000276
242.800000 0.000276
242.900000 0.000276
243.000000 0.000276
243.100000 0.000276
243.200000 0.000276
243.300000 0.000275
243.400000 0.000275
243.500000 0.000275
243.600000 0.000275
243.700000 0.000275
243.800000 0.000274
243.900000 0.000274
244.000000 0.000274
244.100000 0.000274
244.200000 0.000273
244.300000 0.000273
244.400000 0.000273
244.500000 0.000272
244.600000 0.000272
244.700000 0.000272
244.800000 0.000271
244.900000 0.000271
245.000000 0.000271
245.100000 0.000270
245.200000 0.000270
245.300000 0.000270
245.400000 0.000270
245.500000 0.000269
245.600000 0.000269
245.700000 0.000269
245.800000 0.000269
245.900000 0.000269
246.000000 0.000269
246.100000 0.000268
246.200000 0.000268
246.300000 0.000268
246.400000 0.000268
246.500000 0.000268
246.600000 0.000268
246.700000 0.000268
246.800000 0.000268
246.900000 0.000268
247.000000 0.000268
247.100000 0.000269
247.200000 0.000269
247.300000 0.000269
247.400000 0.000269
247.500000 0.000269
247.600000 0.000269
247.700000 0.000269
247.800000 0.000270
247.900000 0.000270
248.000000 0.000270
248.100000 0.000270
248.200000 0.000271
248.300000 0.000271
248.400000 0.000271
248.500000 0.000271
248.600000 0.000272
248.700000 0.000272
248.800000 0.000272
248.900000 0.000272
249.000000 0.000273
249.100000 0.000273
249.200000 0.000273
249.300000 0.000273
249.400000 0.000274
249.500000 0.000274
249.600000 0.000274
249.700000 0.000274
249.800000 0.000274
249.900000 0.000275
250.000000 0.000275
250.100000 0.000275
250.200000 0.000275
250.300000 0.000275
250.400000 0.000275
250.500000 0.000275
250.600000 0.000275
250.700000 0.000276
250.800000 0.000276
250.900000 0.000276
251.000000 0.000276
251.100000 0.000276
251.200000 0.000276
251.300000 0.000276
251.400000 0.000276
251.500000 0.000275
251.600000 0.000275
251.700000 0.000275
251.800000 0.000275
251.900000 0.000275
252.000000 0.000275
252.100000 0.000275
252.200000 0.000274
252.300000 0.000274
252.400000 0.000274
252.500000 0.000274
252.600000 0.000273
252.700000 0.000273
252.800000 0.000273
252.900000 0.000272
253.000000 0.000272
253.100000 0.000272
253.200000 0.000272
253.300000 0.000271
253.400000 0.000271
253.500000 0.000271
253.600000 0.000271
253.700000 0.000270
253.800000 0.000270
253.900000 0.000270
254.000000 0.000270
254.100000 0.000269
254.200000 0.000269
254.300000 0.000269
254.400000 0.000269
254.500000 0.000269
254.600000 0.000269
254.700000 0.000269
254.800000 0.000269
254.900000 0.000269
255.000000 0.000269
255.100000 0.000269
255.200000 0.000269
255.300000 0.000269
255.400000 0.000269
255.500000 0.000269
255.600000 0.000269
255.700000 0.000269
255.800000 0.000269
255.900000 0.000269
256.000000 0.000269
256.100000 0.000270
256.200000 0.000270
256.300000 0.000270
256.400000 0.000270
256.500000 0.000270
256.600000 0.000271
256.700000 0.000271
256.800000 0.000271
256.900000 0.000271
257.000000 0.000272
257.100000 0.000272
257.200000 0.000272
257.300000 0.000272
257.400000 0.000272
257.500000 0.000273
257.600000 0.000273
257.700000 0.000273
257.800000 0.000273
257.900000 0.000274
258.000000 0.000274
258.100000 0.000274
258.200000 0.000274
258.300000 0.000274
258.400000 0.000275
258.500000 0.000275
258.600000 0.000275
258.700000 0.000275
258.800000 0.000275
258.900000 0.000275
259.000000 0.000275
259.100000 0.000275
259.200000 0.000275
259.300000 0.000275
259.400000 0.000275
259.500000 0.000275
259.600000 0.000275
259.700000 0.000275
259.800000 0.000275
259.900000 0.000275
260.000000 0.000275
260.100000 0.000275
260.200000 0.000275
260.300000 0.000275
260.400000 0.000275
260.500000 0.000274
260.600000 0.000274
260.700000 0.000274
260.800000 0.000274
260.900000 0.000274
261.000000 0.000273
261.100000 0.000273
261.200000 0.000273
261.300000 0.000273
261.400000 0.000272
261.500000 0.000272
261.600000 0.000272
261.700000 0.000272
261.800000 0.000271
261.900000 0.000271
262.000000 0.000271
262.100000 0.000271
262.200000 0.000270
262.300000 0.000270
262.400000 0.000270
262.500000 0.000270
262.600000 0.000270
262.700000 0.000270
262.800000 0.000269
262.900000 0.000269
263.000000 0.000269
263.100000 0.000269
263.200000 0.000269
263.300000 0.000269
263.400000 0.000269
263.500000 0.000269
263.600000 0.000269
263.700000 0.000269
263.800000 0.000269
263.900000 0.000269
264.000000 0.000269
264.100000 0.000269
264.200000 0.000269
264.300000 0.000270
264.400000 0.000270
264.500000 0.000270
264.600000 0.000270
264.700000 0.000270
264.800000 0.000270
264.900000 0.000270
265.000000 0.000271
265.100000 0.000271
265.200000 0.000271
265.300000 0.000271
265.400000 0.000272
265.500000 0.000272
265.600000 0.000272
265.700000 0.000272
265.800000 0.000272
265.900000 0.000273
266.000000 0.000273
266.100000 0.000273
266.200000 0.000273
266.300000 0.000273
266.400000 0.000274
266.500000 0.000274
266.600000 0.000274
266.700000 0.000274
266.800000 0.000274
266.900000 0.000274
267.000000 0.000275
267.100000 0.000275
267.200000 0.000275
267.300000 0.000275
267.400000 0.000275
267.500000 0.000275
267.600000 0.000275
267.700000 0.000275
267.800000 0.000275
267.900000 0.000275
268.000000 0.000275
268.100000 0.000275
268.200000 0.000275
268.300000 0.000275
268.400000 0.000275
268.500000 0.000275
268.600000 0.000275
268.700000 0.000275
268.800000 0.000275
268.900000 0.000274
269.000000 0.000274
269.100000 0.000274
269.200000 0.000274
269.300000 0.000274
269.400000 0.000273
269.500000 0.000273
269.600000 0.000273
269.700000 0.000273
269.800000 0.000273
269.900000 0.000272
270.000000 0.000272
270.100000 0.000272
270.200000 0.000272
270.300000 0.000271
270.400000 0.000271
270.500000 0.000271
270.600000 0.000271
270.700000 0.000271
270.800000 0.000270
270.900000 0.000270
271.000000 0.000270
271.100000 0.000270
271.200000 0.000270
271.300000 0.000270
271.400000 0.000270
271.500000 0.000269
271.600000 0.000269
271.700000 0.000269
271.800000 0.000269
271.900000 0.000269
272.000000 0.000269
272.100000 0.000269
272.200000 0.000269
272.300000 0.000269
272.400000 0.000269
272.500000 0.000270
272.600000 0.000270
272.700000 0.000270
272.800000 0.000270
272.900000 0.000270
273.000000 0.000270
273.100000 0.000270
273.200000 0.000270
273.300000 0.000271
273.400000 0.000271
273.500000 0.000271
273.600000 0.000271
273.700000 0.000271
273.800000 0.000272
273.900000 0.000272
274.000000 0.000272
274.100000 0.000272
274.200000 0.000272
274.300000 0.000273
274.400000 0.000273
274.500000 0.000273
274.600000 0.000273
274.700000 0.000273
274.800000 0.000273
274.900000 0.000274
275.000000 0.000274
275.100000 0.000274
275.200000 0.000274
275.300000 0.000274
275.400000 0.000274
275.500000 0.000274
275.600000 0.000275
275.700000 0.000275
275.800000 0.000275
275.900000 0.000275
276.000000 0.000275
276.100000 0.000275
276.200000 0.000275
276.300000 0.000275
276.400000 0.000275
276.500000 0.000275
276.600000 0.000275
276.700000 0.000275
276.800000 0.000275
276.900000 0.000275
277.000000 0.000275
277.100000 0.000275
277.200000 0.000274
277.300000 0.000274
277.400000 0.000274
277.500000 0.000274
277.600000 0.000274
277.700000 0.000274
277.800000 0.000273
277.900000 0.000273
278.000000 0.000273
278.100000 0.000273
278.200000 0.000273
278.300000 0.000272
278.400000 0.000272
278.500000 0.000272
278.600000 0.000272
278.700000 0.000272
278.800000 0.000271
278.900000 0.000271
279.000000 0.000271
279.100000 0.000271
279.200000 0.000271
279.300000 0.000270
279.400000 0.000270
279.500000 0.000270
279.600000 0.000270
279.700000 0.000270
279.800000 0.000270
279.900000 0.000270
280.000000 0.000270
280.100000 0.000270
280.200000 0.000270
280.300000 0.000270
280.400000 0.000270
280.500000 0.000270
280.600000 0.000270
280.700000 0.000270
280.800000 0.000270
280.900000 0.000270
281.000000 0.000270
281.100000 0.000270
281.200000 0.000270
281.300000 0.000270
281.400000 0.000270
281.500000 0.000270
281.600000 0.000271
281.700000 0.000271
281.800000 0.000271
281.900000 0.000271
282.000000 0.000271
282.100000 0.000271
282.200000 0.000272
282.300000 0.000272
282.400000 0.000272
282.500000 0.000272
282.600000 0.000272
282.700000 0.000272
282.800000 0.000273
282.900000 0.000273
283.000000 0.000273
283.100000 0.000273
283.200000 0.000273
283.300000 0.000273
283.400000 0.000274
283.500000 0.000274
283.600000 0.000274
283.700000 0.000274
283.800000 0.000274
283.900000 0.000274
284.000000 0.000274
284.100000 0.000275
284.200000 0.000275
284.300000 0.000275
284.400000 0.000275
284.500000 0.000275
284.600000 0.000275
284.700000 0.000275
284.800000 0.000275
284.900000 0.000275
285.000000 0.000275
285.100000 0.000275
285.200000 0.000275
285.300000 0.000275
285.400000 0.000275
285.500000 0.000274
285.600000 0.000274
285.700000 0.000274
285.800000 0.000274
285.900000 0.000274
286.000000 0.000274
286.100000 0.000274
286.200000 0.000273
286.300000 0.000273
286.400000 0.000273
286.500000 0.000273
286.600000 0.000273
286.700000 0.000273
286.800000 0.000272
286.900000 0.000272
287.000000 0.000272
287.100000 0.000272
287.200000 0.000272
287.300000 0.000271
287.400000 0.000271
287.500000 0.000271
287.600000 0.000271
287.700000 0.000271
287.800000 0.000271
287.900000 0.000270
288.000000 0.000270
288.100000 0.000270
288.200000 0.000270
288.300000 0.000270
288.400000 0.000270
288.500000 0.000270
288.600000 0.000270
288.700000 0.000270
288.800000 0.000270
288.900000 0.000270
289.000000 0.000270
289.100000 0.000270
289.200000 0.000270
289.300000 0.000270
289.400000 0.000270
289.500000 0.000270
289.600000 0.000270
289.700000 0.000270
289.800000 0.000270
289.900000 0.000271
290.000000 0.000271
290.100000 0.000271
290.200000 0.000271
290.300000 0.000271
290.400000 0.000271
290.500000 0.000271
290.600000 0.000272
290.700000 0.000272
290.800000 0.000272
290.900000 0.000272
291.000000 0.000272
291.100000 0.000272
291.200000 0.000273
291.300000 0.000273
291.400000 0.000273
291.500000 0.000273
291.600000 0.000273
291.700000 0.000273
291.800000 0.000273
291.900000 0.000274
292.000000 0.000274
292.100000 0.000274
292.200000 0.000274
292.300000 0.000274
292.400000 0.000274
292.500000 0.000274
292.600000 0.000274
292.700000 0.000274
292.800000 0.000275
292.900000 0.000275
293.000000 0.000275
293.100000 0.000275
293.200000 0.000275
293.300000 0.000275
293.400000 0.000275
293.500000 0.000275
293.600000 0.000275
293.700000 0.000275
293.800000 0.000274
293.900000 0.000274
294.000000 0.000274
294.100000 0.000274
294.200000 0.000274
294.300000 0.000274
294.400000 0.000274
294.500000 0.000274
294.600000 0.000273
294.700000 0.000273
294.800000 0.000273
294.900000 0.000273
295.000000 0.000273
295.100000 0.000273
295.200000 0.000272
295.300000 0.000272
295.400000 0.000272
295.500000 0.000272
295.600000 0.000272
295.700000 0.000272
295.800000 0.000271
295.900000 0.000271
296.000000 0.000271
296.100000 0.000271
296.200000 0.000271
296.300000 0.000271
296.400000 0.000271
296.500000 0.000270
296.600000 0.000270
296.700000 0.000270
296.800000 0.000270
296.900000 0.000270
297.000000 0.000270
297.100000 0.000270
297.200000 0.000270
297.300000 0.000270
297.400000 0.000270
297.500000 0.000270
297.600000 0.000270
297.700000 0.000270
297.800000 0.000270
297.900000 0.000270
298.000000 0.000270
298.100000 0.000270
298.200000 0.000271
298.300000 0.000271
298.400000 0.000271
298.500000 0.000271
298.600000 0.000271
298.700000 0.000271
298.800000 0.000271
298.900000 0.000271
299.000000 0.000272
299.100000 0.000272
299.200000 0.000272
299.300000 0.000272
299.400000 0.000272
299.500000 0.000272
299.600000 0.000272
299.700000 0.000273
299.800000 0.000273
299.900000 0.000273
300.000000 0.000273
300.100000 0.000273
300.200000 0.000273
300.300000 0.000274
300.400000 0.000274
300.500000 0.000274
300.600000 0.000274
300.700000 0.000274
300.800000 0.000274
300.900000 0.000274
301.000000 0.000274
301.100000 0.000274
301.200000 0.000274
301.300000 0.000274
301.400000 0.000274
301.500000 0.000274
301.600000 0.000274
301.700000 0.000274
301.800000 0.000274
301.900000 0.000274
302.000000 0.000274
302.100000 0.000274
302.200000 0.000274
302.300000 0.000274
302.400000 0.000274
302.500000 0.000274
302.600000 0.000274
302.700000 0.000274
302.800000 0.000274
302.900000 0.000274
303.000000 0.000273
303.100000 0.000273
303.200000 0.000273
303.300000 0.000273
303.400000 0.000273
303.500000 0.000273
303.600000 0.000273
303.700000 0.000272
303.800000 0.000272
303.900000 0.000272
304.000000 0.000272
304.100000 0.000272
304.200000 0.000272
304.300000 0.000271
304.400000 0.000271
304.500000 0.000271
304.600000 0.000271
304.700000 0.000271
304.800000 0.000271
304.900000 0.000271
305.000000 0.000271
305.100000 0.000271
305.200000 0.000270
305.300000 0.000270
305.400000 0.000270
305.500000 0.000270
305.600000 0.000270
305.700000 0.000270
305.800000 0.000270
305.900000 0.000270
306.000000 0.000270
306.100000 0.000270
306.200000 0.000270
306.300000 0.000270
306.400000 0.000271
306.500000 0.000271
306.600000 0.000271
306.700000 0.000271
306.800000 0.000271
306.900000 0.000271
307.000000 0.000271
307.100000 0.000271
307.200000 0.000271
307.300000 0.000271
307.400000 0.000272
307.500000 0.000272
307.600000 0.000272
307.700000 0.000272
307.800000 0.000272
307.900000 0.000272
308.000000 0.000272
308.100000 0.000273
308.200000 0.000273
308.300000 0.000273
308.400000 0.000273
308.500000 0.000273
308.600000 0.000273
308.700000 0.000273
308.800000 0.000274
308.900000 0.000274
309.000000 0.000274
309.100000 0.000274
309.200000 0.000274
309.300000 0.000274
309.400000 0.000274
309.500000 0.000274
309.600000 0.000274
309.700000 0.000274
309.800000 0.000274
309.900000 0.000274
310.000000 0.000274
310.100000 0.000274
310.200000 0.000274
310.300000 0.000274
310.400000 0.000274
310.500000 0.000274
310.600000 0.000274
310.700000 0.000274
310.800000 0.000274
310.900000 0.000274
311.000000 0.000274
311.100000 0.000274
311.200000 0.000274
311.300000 0.000274
311.400000 0.000273
311.500000 0.000273
311.600000 0.000273
311.700000 0.000273
311.800000 0.000273
311.900000 0.000273
312.000000 0.000273
312.100000 0.000273
312.200000 0.000272
312.300000 0.000272
312.400000 0.000272
312.500000 0.000272
312.600000 0.000272
312.700000 0.000272
312.800000 0.000272
312.900000 0.000271
313.000000 0.000271
313.100000 0.000271
313.200000 0.000271
313.300000 0.000271
313.400000 0.000271
313.500000 0.000271
313.600000 0.000271
313.700000 0.000271
313.800000 0.000271
313.900000 0.000271
314.000000 0.000271
314.100000 0.000270
314.200000 0.000270
314.300000 0.000270
314.400000 0.000271
314.500000 0.000271
314.600000 0.000271
314.700000 0.000271
314.800000 0.000271
314.900000 0.000271
315.000000 0.000271
315.100000 0.000271
315.200000 0.000271
315.300000 0.000271
315.400000 0.000271
315.500000 0.000271
315.600000 0.000271
315.700000 0.000271
315.800000 0.000272
315.900000 0.000272
316.000000 0.000272
316.100000 0.000272
316.200000 0.000272
316.300000 0.000272
316.400000 0.000272
316.500000 0.000273
316.600000 0.000273
316.700000 0.000273
316.800000 0.000273
316.900000 0.000273
317.000000 0.000273
317.100000 0.000273
317.200000 0.000273
317.300000 0.000273
317.400000 0.000274
317.500000 0.000274
317.600000 0.000274
317.700000 0.000274
317.800000 0.000274
317.900000 0.000274
318.000000 0.000274
318.100000 0.000274
318.200000 0.000274
318.300000 0.000274
318.400000 0.000274
318.500000 0.000274
318.600000 0.000274
318.700000 0.000274
318.800000 0.000274
318.900000 0.000274
319.000000 0.000274
319.100000 0.000274
319.200000 0.000274
319.300000 0.000274
319.400000 0.000274
319.500000 0.000274
319.600000 0.000274
319.700000 0.000274
319.800000 0.000273
319.900000 0.000273
320.000000 0.000273
320.100000 0.000273
320.200000 0.000273
320.300000 0.000273
320.400000 0.000273
320.500000 0.000273
320.600000 0.000272
320.700000 0.000272
320.800000 0.000272
320.900000 0.000272
321.000000 0.000272
321.100000 0.000272
321.200000 0.000272
321.300000 0.000272
321.400000 0.000271
321.500000 0.000271
321.600000 0.000271
321.700000 0.000271
321.800000 0.000271
321.900000 0.000271
322.000000 0.000271
322.100000 0.000271
322.200000 0.000271
322.300000 0.000271
322.400000 0.000271
322.500000 0.000271
322.600000 0.000271
322.700000 0.000271
322.800000 0.000271
322.900000 0.000271
323.000000 0.000271
323.100000 0.000271
323.200000 0.000271
323.300000 0.000271
323.400000 0.000271
323.500000 0.000271
323.600000 0.000271
323.700000 0.000271
323.800000 0.000271
323.900000 0.000271
324.000000 0.000271
324.100000 0.000272
324.200000 0.000272
324.300000 0.000272
324.400000 0.000272
324.500000 0.000272
324.600000 0.000272
324.700000 0.000272
324.800000 0.000272
324.900000 0.000272
325.000000 0.000273
325.100000 0.000273
325.200000 0.000273
325.300000 0.000273
325.400000 0.000273
325.500000 0.000273
325.600000 0.000273
325.700000 0.000273
325.800000 0.000273
325.900000 0.000274
326.000000 0.000274
326.100000 0.000274
326.200000 0.000274
326.300000 0.000274
326.400000 0.000274
326.500000 0.000274
326.600000 0.000274
326.700000 0.000274
326.800000 0.000274
326.900000 0.000274
327.000000 0.000274
327.100000 0.000274
327.200000 0.000274
327.300000 0.000274
327.400000 0.000274
327.500000 0.000274
327.600000 0.000274
327.700000 0.000274
327.800000 0.000274
327.900000 0.000274
328.000000 0.000274
328.100000 0.000274
328.200000 0.000273
328.300000 0.000273
328.400000 0.000273
328.500000 0.000273
328.600000 0.000273
328.700000 0.000273
328.800000 0.000273
328.900000 0.000273
329.000000 0.000273
329.100000 0.000272
329.200000 0.000272
329.300000 0.000272
329.400000 0.000272
329.500000 0.000272
329.600000 0.000272
329.700000 0.000272
329.800000 0.000272
329.900000 0.000271
330.000000 0.000271
330.100000 0.000271
330.200000 0.000271
330.300000 0.000271
330.400000 0.000271
330.500000 0.000271
330.600000 0.000271
330.700000 0.000271
330.800000 0.000271
330.900000 0.000271
331.000000 0.000271
331.100000 0.000271
331.200000 0.000271
331.300000 0.000271
331.400000 0.000271
331.500000 0.000271
331.600000 0.000271
331.700000 0.000271
331.800000 0.000271
331.900000 0.000271
332.000000 0.000271
332.100000 0.000271
332.200000 0.000271
332.300000 0.000271
332.400000 0.000271
332.500000 0.000272
332.600000 0.000272
332.700000 0.000272
332.800000 0.000272
332.900000 0.000272
333.000000 0.000272
333.100000 0.000272
333.200000 0.000272
333.300000 0.000272
333.400000 0.000273
333.500000 0.000273
333.600000 0.000273
333.700000 0.000273
333.800000 0.000273
333.900000 0.000273
334.000000 0.000273
334.100000 0.000273
334.200000 0.000273
334.300000 0.000273
334.400000 0.000274
334.500000 0.000274
334.600000 0.000274
334.700000 0.000274
334.800000 0.000274
334.900000 0.000274
335.000000 0.000274
335.100000 0.000274
335.200000 0.000274
335.300000 0.000274
335.400000 0.000274
335.500000 0.000274
335.600000 0.000274
335.700000 0.000274
335.800000 0.000274
335.900000 0.000274
336.000000 0.000274
336.100000 0.000274
336.200000 0.000274
336.300000 0.000274
336.400000 0.000274
336.500000 0.000274
336.600000 0.000273
336.700000 0.000273
336.800000 0.000273
336.900000 0.000273
337.000000 0.000273
337.100000 0.000273
337.200000 0.000273
337.300000 0.000273
337.400000 0.000273
337.500000 0.000273
337.600000 0.000272
337.700000 0.000272
337.800000 0.000272
337.900000 0.000272
338.000000 0.000272
338.100000 0.000272
338.200000 0.000272
338.300000 0.000272
338.400000 0.000272
338.500000 0.000271
338.600000 0.000271
338.700000 0.000271
338.800000 0.000271
338.900000 0.000271
339.000000 0.000271
339.100000 0.000271
339.200000 0.000271
339.300000 0.000271
339.400000 0.000271
339.500000 0.000271
339.600000 0.000271
339.700000 0.000271
339.800000 0.000271
339.900000 0.000271
340.000000 0.000271
340.100000 0.000271
340.200000 0.000271
340.300000 0.000271
340.400000 0.000271
340.500000 0.000271
340.600000 0.000271
340.700000 0.000271
340.800000 0.000272
340.900000 0.000272
341.000000 0.000272
341.100000 0.000272
341.200000 0.000272
341.300000 0.000272
341.400000 0.000272
341.500000 0.000272
341.600000 0.000272
341.700000 0.000272
341.800000 0.000273
341.900000 0.000273
342.000000 0.000273
342.100000 0.000273
342.200000 0.000273
342.300000 0.000273
342.400000 0.000273
342.500000 0.000273
342.600000 0.000273
342.700000 0.000273
342.800000 0.000273
342.900000 0.000274
343.000000 0.000274
343.100000 0.000274
343.200000 0.000274
343.300000 0.000274
343.400000 0.000274
343.500000 0.000274
343.600000 0.000274
343.700000 0.000274
343.800000 0.000274
343.900000 0.000274
344.000000 0.000274
344.100000 0.000274
344.200000 0.000274
344.300000 0.000274
344.400000 0.000274
344.500000 0.000274
344.600000 0.000274
344.700000 0.000274
344.800000 0.000274
344.900000 0.000274
345.000000 0.000273
345.100000 0.000273
345.200000 0.000273
345.300000 0.000273
345.400000 0.000273
345.500000 0.000273
345.600000 0.000273
345.700000 0.000273
345.800000 0.000273
345.900000 0.000273
346.000000 0.000272
346.100000 0.000272
346.200000 0.000272
346.300000 0.000272
346.400000 0.000272
346.500000 0.000272
346.600000 0.000272
346.700000 0.000272
346.800000 0.000272
346.900000 0.000272
347.000000 0.000272
347.100000 0.000271
347.200000 0.000271
347.300000 0.000271
347.400000 0.000271
347.500000 0.000271
347.600000 0.000271
347.700000 0.000271
347.800000 0.000271
347.900000 0.000271
348.000000 0.000271
348.100000 0.000271
348.200000 0.000271
348.300000 0.000271
348.400000 0.000271
348.500000 0.000271
348.600000 0.000271
348.700000 0.000271
348.800000 0.000271
348.900000 0.000271
349.000000 0.000271
349.100000 0.000272
349.200000 0.000272
349.300000 0.000272
349.400000 0.000272
349.500000 0.000272
349.600000 0.000272
349.700000 0.000272
349.800000 0.000272
349.900000 0.000272
350.000000 0.000272
350.100000 0.000272
350.200000 0.000272
350.300000 0.000273
350.400000 0.000273
350.500000 0.000273
350.600000 0.000273
350.700000 0.000273
350.800000 0.000273
350.900000 0.000273
351.000000 0.000273
351.100000 0.000273
351.200000 0.000273
351.300000 0.000273
351.400000 0.000273
351.500000 0.000274
351.600000 0.000274
351.700000 0.000274
351.800000 0.000274
351.900000 0.000274
352.000000 0.000274
352.100000 0.000274
352.200000 0.000274
352.300000 0.000274
352.400000 0.000274
352.500000 0.000274
352.600000 0.000274
352.700000 0.000274
352.800000 0.000274
352.900000 0.000274
353.000000 0.000274
353.100000 0.000274
353.200000 0.000274
353.300000 0.000273
353.400000 0.000273
353.500000 0.000273
353.600000 0.000273
353.700000 0.000273
353.800000 0.000273
353.900000 0.000273
354.000000 0.000273
354.100000 0.000273
354.200000 0.000273
354.300000 0.000273
354.400000 0.000273
354.500000 0.000272
354.600000 0.000272
354.700000 0.000272
354.800000 0.000272
354.900000 0.000272
355.000000 0.000272
355.100000 0.000272
355.200000 0.000272
355.300000 0.000272
355.400000 0.000272
355.500000 0.000272
355.600000 0.000272
355.700000 0.000271
355.800000 0.000271
355.900000 0.000271
356.000000 0.000271
356.100000 0.000271
356.200000 0.000271
356.300000 0.000271
356.400000 0.000271
356.500000 0.000271
356.600000 0.000271
356.700000 0.000271
356.800000 0.000271
356.900000 0.000271
357.000000 0.000271
357.100000 0.000271
357.200000 0.000271
357.300000 0.000271
357.400000 0.000272
357.500000 0.000272
357.600000 0.000272
357.700000 0.000272
357.800000 0.000272
357.900000 0.000272
358.000000 0.000272
358.100000 0.000272
358.200000 0.000272
358.300000 0.000272
358.400000 0.000272
358.500000 0.000272
358.600000 0.000272
358.700000 0.000273
358.800000 0.000273
358.900000 0.000273
359.000000 0.000273
359.100000 0.000273
359.200000 0.000273
359.300000 0.000273
359.400000 0.000273
359.500000 0.000273
359.600000 0.000273
359.700000 0.000273
359.800000 0.000273
359.900000 0.000273
360.000000 0.000274
360.100000 0.000274
360.200000 0.000274
360.300000 0.000274
360.400000 0.000274
360.500000 0.000274
360.600000 0.000274
360.700000 0.000274
360.800000 0.000274
360.900000 0.000274
361.000000 0.000274
361.100000 0.000274
361.200000 0.000274
361.300000 0.000274
361.400000 0.000274
361.500000 0.000274
361.600000 0.000274
361.700000 0.000273
361.800000 0.000273
361.900000 0.000273
362.000000 0.000273
362.100000 0.000273
362.200000 0.000273
362.300000 0.000273
362.400000 0.000273
362.500000 0.000273
362.600000 0.000273
362.700000 0.000273
362.800000 0.000273
362.900000 0.000273
363.000000 0.000272
363.100000 0.000272
363.200000 0.000272
363.300000 0.000272
363.400000 0.000272
363.500000 0.000272
363.600000 0.000272
363.700000 0.000272
363.800000 0.000272
363.900000 0.000272
364.000000 0.000272
364.100000 0.000272
364.200000 0.000272
364.300000 0.000272
364.400000 0.000271
364.500000 0.000271
364.600000 0.000271
364.700000 0.000271
364.800000 0.000271
364.900000 0.000271
365.000000 0.000271
365.100000 0.000271
365.200000 0.000271
365.300000 0.000271
365.400000 0.000271
365.500000 0.000271
365.600000 0.000272
365.700000 0.000272
365.800000 0.000272
365.900000 0.000272
366.000000 0.000272
366.100000 0.000272
366.200000 0.000272
366.300000 0.000272
366.400000 0.000272
366.500000 0.000272
366.600000 0.000272
366.700000 0.000272
366.800000 0.000272
366.900000 0.000272
367.000000 0.000272
367.100000 0.000273
367.200000 0.000273
367.300000 0.000273
367.400000 0.000273
367.500000 0.000273
367.600000 0.000273
367.700000 0.000273
367.800000 0.000273
367.900000 0.000273
368.000000 0.000273
368.100000 0.000273
368.200000 0.000273
368.300000 0.000273
368.400000 0.000273
368.500000 0.000273
368.600000 0.000274
368.700000 0.000274
368.800000 0.000274
368.900000 0.000274
369.000000 0.000274
369.100000 0.000274
369.200000 0.000274
369.300000 0.000274
369.400000 0.000274
369.500000 0.000274
369.600000 0.000274
369.700000 0.000274
369.800000 0.000274
369.900000 0.000274
370.000000 0.000273
370.100000 0.000273
370.200000 0.000273
370.300000 0.000273
370.400000 0.000273
370.500000 0.000273
370.600000 0.000273
370.700000 0.000273
370.800000 0.000273
370.900000 0.000273
371.000000 0.000273
371.100000 0.000273
371.200000 0.000273
371.300000 0.000273
371.400000 0.000272
371.500000 0.000272
371.600000 0.000272
371.700000 0.000272
371.800000 0.000272
371.900000 0.000272
372.000000 0.000272
372.100000 0.000272
372.200000 0.000272
372.300000 0.000272
372.400000 0.000272
372.500000 0.000272
372.600000 0.000272
372.700000 0.000272
372.800000 0.000272
372.900000 0.000272
373.000000 0.000272
373.100000 0.000272
373.200000 0.000272
373.300000 0.000271
373.400000 0.000271
373.500000 0.000271
373.600000 0.000272
373.700000 0.000272
373.800000 0.000272
373.900000 0.000272
374.000000 0.000272
374.100000 0.000272
374.200000 0.000272
374.300000 0.000272
374.400000 0.000272
374.500000 0.000272
374.600000 0.000272
374.700000 0.000272
374.800000 0.000272
374.900000 0.000272
375.000000 0.000272
375.100000 0.000272
375.200000 0.000272
375.300000 0.000272
375.400000 0.000272
375.500000 0.000272
375.600000 0.000273
375.700000 0.000273
375.800000 0.000273
375.900000 0.000273
376.000000 0.000273
376.100000 0.000273
376.200000 0.000273
376.300000 0.000273
376.400000 0.000273
376.500000 0.000273
376.600000 0.000273
376.700000 0.000273
376.800000 0.000273
376.900000 0.000273
377.000000 0.000273
377.100000 0.000273
377.200000 0.000273
377.300000 0.000274
377.400000 0.000274
377.500000 0.000274
377.600000 0.000274
377.700000 0.000274
377.800000 0.000274
377.900000 0.000274
378.000000 0.000274
378.100000 0.000274
378.200000 0.000273
378.300000 0.000273
378.400000 0.000273
378.500000 0.000273
378.600000 0.000273
378.700000 0.000273
378.800000 0.000273
378.900000 0.000273
379.000000 0.000273
379.100000 0.000273
379.200000 0.000273
379.300000 0.000273
379.400000 0.000273
379.500000 0.000273
379.600000 0.000273
379.700000 0.000273
379.800000 0.000273
379.900000 0.000272
380.000000 0.000272
380.100000 0.000272
380.200000 0.000272
380.300000 0.000272
380.400000 0.000272
380.500000 0.000272
380.600000 0.000272
380.700000 0.000272
380.800000 0.000272
380.900000 0.000272
381.000000 0.000272
381.100000 0.000272
381.200000 0.000272
381.300000 0.000272
381.400000 0.000272
381.500000 0.000272
381.600000 0.000272
381.700000 0.000272
381.800000 0.000272
381.900000 0.000272
382.000000 0.000272
382.100000 0.000272
382.200000 0.000272
382.300000 0.000272
382.400000 0.000272
382.500000 0.000272
382.600000 0.000272
382.700000 0.000272
382.800000 0.000272
382.900000 0.000272
383.000000 0.000272
383.100000 0.000272
383.200000 0.000272
383.300000 0.000272
383.400000 0.000272
383.500000 0.000272
383.600000 0.000272
383.700000 0.000272
383.800000 0.000272
383.900000 0.000272
384.000000 0.000273
384.100000 0.000273
384.200000 0.000273
384.300000 0.000273
384.400000 0.000273
384.500000 0.000273
384.600000 0.000273
384.700000 0.000273
384.800000 0.000273
384.900000 0.000273
385.000000 0.000273
385.100000 0.000273
385.200000 0.000273
385.300000 0.000273
385.400000 0.000273
385.500000 0.000273
385.600000 0.000273
385.700000 0.000273
385.800000 0.000273
385.900000 0.000273
386.000000 0.000273
386.100000 0.000273
386.200000 0.000273
386.300000 0.000273
386.400000 0.000273
386.500000 0.000273
386.600000 0.000273
386.700000 0.000273
386.800000 0.000273
386.900000 0.000273
387.000000 0.000273
387.100000 0.000273
387.200000 0.000273
387.300000 0.000273
387.400000 0.000273
387.500000 0.000273
387.600000 0.000273
387.700000 0.000273
387.800000 0.000273
387.900000 0.000273
388.000000 0.000273
388.100000 0.000273
388.200000 0.000273
388.300000 0.000273
388.400000 0.000272
388.500000 0.000272
388.600000 0.000272
388.700000 0.000272
388.800000 0.000272
388.900000 0.000272
389.000000 0.000272
389.100000 0.000272
389.200000 0.000272
389.300000 0.000272
389.400000 0.000272
389.500000 0.000272
389.600000 0.000272
389.700000 0.000272
389.800000 0.000272
389.900000 0.000272
390.000000 0.000272
390.100000 0.000272
390.200000 0.000272
390.300000 0.000272
390.400000 0.000272
390.500000 0.000272
390.600000 0.000272
390.700000 0.000272
390.800000 0.000272
390.900000 0.000272
391.000000 0.000272
391.100000 0.000272
391.200000 0.000272
391.300000 0.000272
391.400000 0.000272
391.500000 0.000272
391.600000 0.000272
391.700000 0.000272
391.800000 0.000272
391.900000 0.000272
392.000000 0.000272
392.100000 0.000272
392.200000 0.000272
392.300000 0.000272
392.400000 0.000273
392.500000 0.000273
392.600000 0.000273
392.700000 0.000273
392.800000 0.000273
392.900000 0.000273
393.000000 0.000273
393.100000 0.000273
393.200000 0.000273
393.300000 0.000273
393.400000 0.000273
393.500000 0.000273
393.600000 0.000273
393.700000 0.000273
393.800000 0.000273
393.900000 0.000273
394.000000 0.000273
394.100000 0.000273
394.200000 0.000273
394.300000 0.000273
394.400000 0.000273
394.500000 0.000273
394.600000 0.000273
394.700000 0.000273
394.800000 0.000273
394.900000 0.000273
395.000000 0.000273
395.100000 0.000273
395.200000 0.000273
395.300000 0.000273
395.400000 0.000273
395.500000 0.000273
395.600000 0.000273
395.700000 0.000273
395.800000 0.000273
395.900000 0.000273
396.000000 0.000273
396.100000 0.000273
396.200000 0.000273
396.300000 0.000273
396.400000 0.000273
396.500000 0.000273
396.600000 0.000273
396.700000 0.000273
396.800000 0.000273
396.900000 0.000272
397.000000 0.000272
397.100000 0.000272
397.200000 0.000272
397.300000 0.000272
397.400000 0.000272
397.500000 0.000272
397.600000 0.000272
397.700000 0.000272
397.800000 0.000272
397.900000 0.000272
398.000000 0.000272
398.100000 0.000272
398.200000 0.000272
398.300000 0.000272
398.400000 0.000272
398.500000 0.000272
398.600000 0.000272
398.700000 0.000272
398.800000 0.000272
398.900000 0.000272
399.000000 0.000272
399.100000 0.000272
399.200000 0.000272
399.300000 0.000272
399.400000 0.000272
399.500000 0.000272
399.600000 0.000272
399.700000 0.000272
399.800000 0.000272
399.900000 0.000272
400.000000 0.000272
400.100000 0.000272
400.200000 0.000272
400.300000 0.000272
400.400000 0.000272
400.500000 0.000272
400.600000 0.000272
400.700000 0.000272
400.800000 0.000273
