Graphic of Mass loss for Mu=0.100 C=1.000 Gamma=1.000
0.000000 0.000005
0.100000 0.000040
0.200000 0.000053
0.300000 0.000063
0.400000 0.000068
0.500000 0.000073
0.600000 0.000078
0.700000 0.000083
0.800000 0.000089
0.900000 0.000094
1.000000 0.000100
1.100000 0.000105
1.200000 0.000109
1.300000 0.000114
1.400000 0.000118
1.500000 0.000121
1.600000 0.000125
1.700000 0.000128
1.800000 0.000132
1.900000 0.000134
2.000000 0.000137
2.100000 0.000140
2.200000 0.000142
2.300000 0.000145
2.400000 0.000147
2.500000 0.000149
2.600000 0.000151
2.700000 0.000153
2.800000 0.000154
2.900000 0.000153
3.000000 0.000151
3.100000 0.000144
3.200000 0.000131
3.300000 0.000107
3.400000 0.000068
3.500000 0.000014
3.600000 -0.000051
3.700000 -0.000113
3.800000 -0.000156
3.900000 -0.000174
4.000000 -0.000169
4.100000 -0.000148
4.200000 -0.000118
4.300000 -0.000083
4.400000 -0.000047
4.500000 -0.000011
4.600000 0.000024
4.700000 0.000058
4.800000 0.000090
4.900000 0.000121
5.000000 0.000150
5.100000 0.000177
5.200000 0.000202
5.300000 0.000225
5.400000 0.000247
5.500000 0.000266
5.600000 0.000283
5.700000 0.000299
5.800000 0.000312
5.900000 0.000324
6.000000 0.000333
6.100000 0.000340
6.200000 0.000344
6.300000 0.000346
6.400000 0.000345
6.500000 0.000342
6.600000 0.000336
6.700000 0.000327
6.800000 0.000317
6.900000 0.000305
7.000000 0.000292
7.100000 0.000279
7.200000 0.000267
7.300000 0.000256
7.400000 0.000246
7.500000 0.000238
7.600000 0.000231
7.700000 0.000226
7.800000 0.000223
7.900000 0.000220
8.000000 0.000217
8.100000 0.000216
8.200000 0.000215
8.300000 0.000214
8.400000 0.000214
8.500000 0.000213
8.600000 0.000213
8.700000 0.000213
8.800000 0.000213
8.900000 0.000213
9.000000 0.000213
9.100000 0.000213
9.200000 0.000213
9.300000 0.000213
9.400000 0.000214
9.500000 0.000214
9.600000 0.000214
9.700000 0.000215
9.800000 0.000215
9.900000 0.000216
10.000000 0.000216
10.100000 0.000217
10.200000 0.000217
10.300000 0.000217
10.400000 0.000217
10.500000 0.000218
10.600000 0.000218
10.700000 0.000217
10.800000 0.000217
10.900000 0.000217
11.000000 0.000216
11.100000 0.000214
11.200000 0.000212
11.300000 0.000209
11.400000 0.000206
11.500000 0.000200
11.600000 0.000193
11.700000 0.000184
11.800000 0.000173
11.900000 0.000159
12.000000 0.000143
12.100000 0.000126
12.200000 0.000107
12.300000 0.000089
12.400000 0.000072
12.500000 0.000058
12.600000 0.000047
12.700000 0.000039
12.800000 0.000035
12.900000 0.000034
13.000000 0.000036
13.100000 0.000040
13.200000 0.000046
13.300000 0.000053
13.400000 0.000061
13.500000 0.000070
13.600000 0.000079
13.700000 0.000089
13.800000 0.000099
13.900000 0.000109
14.000000 0.000119
14.100000 0.000130
14.200000 0.000140
14.300000 0.000150
14.400000 0.000160
14.500000 0.000170
14.600000 0.000180
14.700000 0.000190
14.800000 0.000199
14.900000 0.000208
15.000000 0.000218
15.100000 0.000226
15.200000 0.000235
15.300000 0.000243
15.400000 0.000251
15.500000 0.000259
15.600000 0.000267
15.700000 0.000274
15.800000 0.000281
15.900000 0.000288
16.000000 0.000294
16.100000 0.000300
16.200000 0.000306
16.300000 0.000311
16.400000 0.000316
16.500000 0.000320
16.600000 0.000324
16.700000 0.000328
16.800000 0.000331
16.900000 0.000333
17.000000 0.000335
17.100000 0.000336
17.200000 0.000337
17.300000 0.000336
17.400000 0.000335
17.500000 0.000334
17.600000 0.000331
17.700000 0.000328
17.800000 0.000324
17.900000 0.000319
18.000000 0.000314
18.100000 0.000308
18.200000 0.000302
18.300000 0.000296
18.400000 0.000289
18.500000 0.000283
18.600000 0.000277
18.700000 0.000271
18.800000 0.000266
18.900000 0.000262
19.000000 0.000257
19.100000 0.000253
19.200000 0.000250
19.300000 0.000247
19.400000 0.000245
19.500000 0.000242
19.600000 0.000240
19.700000 0.000238
19.800000 0.000237
19.900000 0.000235
20.000000 0.000232
20.100000 0.000230
20.200000 0.000227
20.300000 0.000223
20.400000 0.000219
20.500000 0.000214
20.600000 0.000209
20.700000 0.000202
20.800000 0.000194
20.900000 0.000185
21.000000 0.000176
21.100000 0.000166
21.200000 0.000156
21.300000 0.000145
21.400000 0.000135
21.500000 0.000126
21.600000 0.000118
21.700000 0.000111
21.800000 0.000105
21.900000 0.000101
22.000000 0.000098
22.100000 0.000097
22.200000 0.000096
22.300000 0.000097
22.400000 0.000099
22.500000 0.000102
22.600000 0.000105
22.700000 0.000109
22.800000 0.000113
22.900000 0.000117
23.000000 0.000122
23.100000 0.000127
23.200000 0.000133
23.300000 0.000138
23.400000 0.000144
23.500000 0.000150
23.600000 0.000155
23.700000 0.000161
23.800000 0.000167
23.900000 0.000173
24.000000 0.000178
24.100000 0.000184
24.200000 0.000190
24.300000 0.000196
24.400000 0.000201
24.500000 0.000207
24.600000 0.000213
24.700000 0.000218
24.800000 0.000224
24.900000 0.000229
25.000000 0.000235
25.100000 0.000240
25.200000 0.000245
25.300000 0.000250
25.400000 0.000255
25.500000 0.000260
25.600000 0.000265
25.700000 0.000270
25.800000 0.000274
25.900000 0.000279
26.000000 0.000283
26.100000 0.000287
26.200000 0.000291
26.300000 0.000295
26.400000 0.000299
26.500000 0.000302
26.600000 0.000306
26.700000 0.000309
26.800000 0.000312
26.900000 0.000315
27.000000 0.000318
27.100000 0.000320
27.200000 0.000322
27.300000 0.000324
27.400000 0.000326
27.500000 0.000327
27.600000 0.000328
27.700000 0.000329
27.800000 0.000330
27.900000 0.000330
28.000000 0.000329
28.100000 0.000328
28.200000 0.000327
28.300000 0.000326
28.400000 0.000324
28.500000 0.000321
28.600000 0.000318
28.700000 0.000314
28.800000 0.000310
28.900000 0.000306
29.000000 0.000301
29.100000 0.000296
29.200000 0.000290
29.300000 0.000283
29.400000 0.000277
29.500000 0.000270
29.600000 0.000262
29.700000 0.000254
29.800000 0.000246
29.900000 0.000237
30.000000 0.000228
30.100000 0.000219
30.200000 0.000210
30.300000 0.000200
30.400000 0.000191
30.500000 0.000182
30.600000 0.000173
30.700000 0.000165
30.800000 0.000158
30.900000 0.000151
31.000000 0.000146
31.100000 0.000141
31.200000 0.000137
31.300000 0.000135
31.400000 0.000133
31.500000 0.000131
31.600000 0.000131
31.700000 0.000131
31.800000 0.000132
31.900000 0.000133
32.000000 0.000135
32.100000 0.000137
32.200000 0.000140
32.300000 0.000143
32.400000 0.000145
32.500000 0.000149
32.600000 0.000152
32.700000 0.000155
32.800000 0.000159
32.900000 0.000163
33.000000 0.000167
33.100000 0.000170
33.200000 0.000174
33.300000 0.000178
33.400000 0.000182
33.500000 0.000186
33.600000 0.000190
33.700000 0.000194
33.800000 0.000198
33.900000 0.000202
34.000000 0.000206
34.100000 0.000210
34.200000 0.000214
34.300000 0.000218
34.400000 0.000222
34.500000 0.000226
34.600000 0.000230
34.700000 0.000234
34.800000 0.000238
34.900000 0.000242
35.000000 0.000246
35.100000 0.000250
35.200000 0.000253
35.300000 0.000257
35.400000 0.000261
35.500000 0.000264
35.600000 0.000268
35.700000 0.000271
35.800000 0.000275
35.900000 0.000278
36.000000 0.000281
36.100000 0.000284
36.200000 0.000288
36.300000 0.000291
36.400000 0.000294
36.500000 0.000297
36.600000 0.000299
36.700000 0.000302
36.800000 0.000305
36.900000 0.000307
37.000000 0.000310
37.100000 0.000312
37.200000 0.000314
37.300000 0.000316
37.400000 0.000318
37.500000 0.000320
37.600000 0.000321
37.700000 0.000323
37.800000 0.000324
37.900000 0.000325
38.000000 0.000326
38.100000 0.000326
38.200000 0.000327
38.300000 0.000326
38.400000 0.000326
38.500000 0.000325
38.600000 0.000323
38.700000 0.000321
38.800000 0.000319
38.900000 0.000316
39.000000 0.000312
39.100000 0.000307
39.200000 0.000301
39.300000 0.000295
39.400000 0.000287
39.500000 0.000279
39.600000 0.000270
39.700000 0.000260
39.800000 0.000249
39.900000 0.000239
40.000000 0.000228
40.100000 0.000218
40.200000 0.000208
40.300000 0.000198
40.400000 0.000190
40.500000 0.000183
40.600000 0.000176
40.700000 0.000171
40.800000 0.000167
40.900000 0.000164
41.000000 0.000161
41.100000 0.000160
41.200000 0.000159
41.300000 0.000159
41.400000 0.000159
41.500000 0.000160
41.600000 0.000161
41.700000 0.000162
41.800000 0.000164
41.900000 0.000165
42.000000 0.000168
42.100000 0.000170
42.200000 0.000172
42.300000 0.000175
42.400000 0.000177
42.500000 0.000180
42.600000 0.000183
42.700000 0.000186
42.800000 0.000188
42.900000 0.000191
43.000000 0.000194
43.100000 0.000197
43.200000 0.000200
43.300000 0.000203
43.400000 0.000206
43.500000 0.000209
43.600000 0.000213
43.700000 0.000216
43.800000 0.000219
43.900000 0.000222
44.000000 0.000225
44.100000 0.000228
44.200000 0.000231
44.300000 0.000234
44.400000 0.000237
44.500000 0.000240
44.600000 0.000243
44.700000 0.000246
44.800000 0.000249
44.900000 0.000252
45.000000 0.000255
45.100000 0.000258
45.200000 0.000261
45.300000 0.000264
45.400000 0.000267
45.500000 0.000269
45.600000 0.000272
45.700000 0.000275
45.800000 0.000278
45.900000 0.000280
46.000000 0.000283
46.100000 0.000286
46.200000 0.000288
46.300000 0.000291
46.400000 0.000293
46.500000 0.000295
46.600000 0.000298
46.700000 0.000300
46.800000 0.000302
46.900000 0.000304
47.000000 0.000306
47.100000 0.000308
47.200000 0.000310
47.300000 0.000312
47.400000 0.000314
47.500000 0.000315
47.600000 0.000317
47.700000 0.000318
47.800000 0.000319
47.900000 0.000320
48.000000 0.000321
48.100000 0.000321
48.200000 0.000322
48.300000 0.000322
48.400000 0.000321
48.500000 0.000320
48.600000 0.000319
48.700000 0.000317
48.800000 0.000315
48.900000 0.000312
49.000000 0.000308
49.100000 0.000304
49.200000 0.000299
49.300000 0.000293
49.400000 0.000286
49.500000 0.000278
49.600000 0.000270
49.700000 0.000261
49.800000 0.000252
49.900000 0.000243
50.000000 0.000234
50.100000 0.000226
50.200000 0.000218
50.300000 0.000211
50.400000 0.000204
50.500000 0.000199
50.600000 0.000194
50.700000 0.000190
50.800000 0.000187
50.900000 0.000185
51.000000 0.000184
51.100000 0.000183
51.200000 0.000182
51.300000 0.000182
51.400000 0.000183
51.500000 0.000183
51.600000 0.000185
51.700000 0.000186
51.800000 0.000187
51.900000 0.000189
52.000000 0.000191
52.100000 0.000193
52.200000 0.000195
52.300000 0.000197
52.400000 0.000199
52.500000 0.000201
52.600000 0.000203
52.700000 0.000206
52.800000 0.000208
52.900000 0.000210
53.000000 0.000213
53.100000 0.000215
53.200000 0.000218
53.300000 0.000220
53.400000 0.000222
53.500000 0.000225
53.600000 0.000227
53.700000 0.000230
53.800000 0.000232
53.900000 0.000235
54.000000 0.000237
54.100000 0.000240
54.200000 0.000242
54.300000 0.000245
54.400000 0.000247
54.500000 0.000250
54.600000 0.000252
54.700000 0.000255
54.800000 0.000257
54.900000 0.000259
55.000000 0.000262
55.100000 0.000264
55.200000 0.000266
55.300000 0.000269
55.400000 0.000271
55.500000 0.000273
55.600000 0.000276
55.700000 0.000278
55.800000 0.000280
55.900000 0.000282
56.000000 0.000284
56.100000 0.000287
56.200000 0.000289
56.300000 0.000291
56.400000 0.000293
56.500000 0.000295
56.600000 0.000297
56.700000 0.000299
56.800000 0.000300
56.900000 0.000302
57.000000 0.000304
57.100000 0.000306
57.200000 0.000307
57.300000 0.000309
57.400000 0.000310
57.500000 0.000311
57.600000 0.000313
57.700000 0.000314
57.800000 0.000314
57.900000 0.000315
58.000000 0.000316
58.100000 0.000316
58.200000 0.000316
58.300000 0.000316
58.400000 0.000315
58.500000 0.000314
58.600000 0.000313
58.700000 0.000311
58.800000 0.000309
58.900000 0.000306
59.000000 0.000302
59.100000 0.000298
59.200000 0.000293
59.300000 0.000288
59.400000 0.000282
59.500000 0.000276
59.600000 0.000269
59.700000 0.000262
59.800000 0.000255
59.900000 0.000248
60.000000 0.000242
60.100000 0.000235
60.200000 0.000229
60.300000 0.000223
60.400000 0.000218
60.500000 0.000214
60.600000 0.000210
60.700000 0.000207
60.800000 0.000205
60.900000 0.000203
61.000000 0.000202
61.100000 0.000201
61.200000 0.000201
61.300000 0.000201
61.400000 0.000201
61.500000 0.000201
61.600000 0.000202
61.700000 0.000203
61.800000 0.000204
61.900000 0.000206
62.000000 0.000207
62.100000 0.000209
62.200000 0.000210
62.300000 0.000212
62.400000 0.000214
62.500000 0.000216
62.600000 0.000218
62.700000 0.000219
62.800000 0.000221
62.900000 0.000223
63.000000 0.000225
63.100000 0.000227
63.200000 0.000229
63.300000 0.000231
63.400000 0.000233
63.500000 0.000235
63.600000 0.000238
63.700000 0.000240
63.800000 0.000242
63.900000 0.000244
64.000000 0.000246
64.100000 0.000248
64.200000 0.000250
64.300000 0.000252
64.400000 0.000254
64.500000 0.000256
64.600000 0.000258
64.700000 0.000260
64.800000 0.000262
64.900000 0.000264
65.000000 0.000266
65.100000 0.000268
65.200000 0.000270
65.300000 0.000272
65.400000 0.000274
65.500000 0.000276
65.600000 0.000278
65.700000 0.000280
65.800000 0.000282
65.900000 0.000283
66.000000 0.000285
66.100000 0.000287
66.200000 0.000289
66.300000 0.000291
66.400000 0.000292
66.500000 0.000294
66.600000 0.000296
66.700000 0.000297
66.800000 0.000299
66.900000 0.000300
67.000000 0.000302
67.100000 0.000303
67.200000 0.000304
67.300000 0.000305
67.400000 0.000307
67.500000 0.000308
67.600000 0.000308
67.700000 0.000309
67.800000 0.000310
67.900000 0.000310
68.000000 0.000311
68.100000 0.000311
68.200000 0.000310
68.300000 0.000310
68.400000 0.000309
68.500000 0.000308
68.600000 0.000306
68.700000 0.000305
68.800000 0.000302
68.900000 0.000300
69.000000 0.000296
69.100000 0.000293
69.200000 0.000289
69.300000 0.000284
69.400000 0.000280
69.500000 0.000275
69.600000 0.000269
69.700000 0.000264
69.800000 0.000258
69.900000 0.000253
70.000000 0.000248
70.100000 0.000243
70.200000 0.000238
70.300000 0.000234
70.400000 0.000230
70.500000 0.000226
70.600000 0.000223
70.700000 0.000221
70.800000 0.000219
70.900000 0.000217
71.000000 0.000216
71.100000 0.000215
71.200000 0.000215
71.300000 0.000215
71.400000 0.000215
71.500000 0.000215
71.600000 0.000216
71.700000 0.000216
71.800000 0.000217
71.900000 0.000218
72.000000 0.000219
72.100000 0.000221
72.200000 0.000222
72.300000 0.000223
72.400000 0.000225
72.500000 0.000226
72.600000 0.000228
72.700000 0.000229
72.800000 0.000231
72.900000 0.000233
73.000000 0.000234
73.100000 0.000236
73.200000 0.000238
73.300000 0.000239
73.400000 0.000241
73.500000 0.000243
73.600000 0.000245
73.700000 0.000246
73.800000 0.000248
73.900000 0.000250
74.000000 0.000252
74.100000 0.000253
74.200000 0.000255
74.300000 0.000257
74.400000 0.000259
74.500000 0.000260
74.600000 0.000262
74.700000 0.000264
74.800000 0.000266
74.900000 0.000267
75.000000 0.000269
75.100000 0.000271
75.200000 0.000273
75.300000 0.000274
75.400000 0.000276
75.500000 0.000278
75.600000 0.000279
75.700000 0.000281
75.800000 0.000282
75.900000 0.000284
76.000000 0.000286
76.100000 0.000287
76.200000 0.000289
76.300000 0.000290
76.400000 0.000292
76.500000 0.000293
76.600000 0.000294
76.700000 0.000296
76.800000 0.000297
76.900000 0.000298
77.000000 0.000299
77.100000 0.000301
77.200000 0.000302
77.300000 0.000302
77.400000 0.000303
77.500000 0.000304
77.600000 0.000305
77.700000 0.000305
77.800000 0.000306
77.900000 0.000306
78.000000 0.000306
78.100000 0.000306
78.200000 0.000305
78.300000 0.000305
78.400000 0.000304
78.500000 0.000302
78.600000 0.000301
78.700000 0.000299
78.800000 0.000297
78.900000 0.000295
79.000000 0.000292
79.100000 0.000289
79.200000 0.000285
79.300000 0.000282
79.400000 0.000278
79.500000 0.000274
79.600000 0.000269
79.700000 0.000265
79.800000 0.000261
79.900000 0.000257
80.000000 0.000252
80.100000 0.000249
80.200000 0.000245
80.300000 0.000241
80.400000 0.000238
80.500000 0.000235
80.600000 0.000233
80.700000 0.000231
80.800000 0.000229
80.900000 0.000228
81.000000 0.000227
81.100000 0.000226
81.200000 0.000225
81.300000 0.000225
81.400000 0.000225
81.500000 0.000225
81.600000 0.000226
81.700000 0.000226
81.800000 0.000227
81.900000 0.000228
82.000000 0.000228
82.100000 0.000229
82.200000 0.000230
82.300000 0.000232
82.400000 0.000233
82.500000 0.000234
82.600000 0.000235
82.700000 0.000237
82.800000 0.000238
82.900000 0.000240
83.000000 0.000241
83.100000 0.000242
83.200000 0.000244
83.300000 0.000245
83.400000 0.000247
83.500000 0.000248
83.600000 0.000250
83.700000 0.000251
83.800000 0.000253
83.900000 0.000254
84.000000 0.000256
84.100000 0.000258
84.200000 0.000259
84.300000 0.000261
84.400000 0.000262
84.500000 0.000264
84.600000 0.000265
84.700000 0.000267
84.800000 0.000268
84.900000 0.000270
85.000000 0.000271
85.100000 0.000273
85.200000 0.000274
85.300000 0.000276
85.400000 0.000277
85.500000 0.000279
85.600000 0.000280
85.700000 0.000281
85.800000 0.000283
85.900000 0.000284
86.000000 0.000286
86.100000 0.000287
86.200000 0.000288
86.300000 0.000289
86.400000 0.000291
86.500000 0.000292
86.600000 0.000293
86.700000 0.000294
86.800000 0.000295
86.900000 0.000296
87.000000 0.000297
87.100000 0.000298
87.200000 0.000299
87.300000 0.000300
87.400000 0.000300
87.500000 0.000301
87.600000 0.000301
87.700000 0.000302
87.800000 0.000302
87.900000 0.000302
88.000000 0.000302
88.100000 0.000301
88.200000 0.000301
88.300000 0.000300
88.400000 0.000299
88.500000 0.000298
88.600000 0.000297
88.700000 0.000295
88.800000 0.000293
88.900000 0.000291
89.000000 0.000288
89.100000 0.000286
89.200000 0.000283
89.300000 0.000280
89.400000 0.000277
89.500000 0.000273
89.600000 0.000270
89.700000 0.000266
89.800000 0.000263
89.900000 0.000260
90.000000 0.000256
90.100000 0.000253
90.200000 0.000250
90.300000 0.000247
90.400000 0.000245
90.500000 0.000242
90.600000 0.000240
90.700000 0.000239
90.800000 0.000237
90.900000 0.000236
91.000000 0.000235
91.100000 0.000234
91.200000 0.000234
91.300000 0.000233
91.400000 0.000233
91.500000 0.000233
91.600000 0.000233
91.700000 0.000234
91.800000 0.000234
91.900000 0.000235
92.000000 0.000236
92.100000 0.000236
92.200000 0.000237
92.300000 0.000238
92.400000 0.000239
92.500000 0.000240
92.600000 0.000241
92.700000 0.000242
92.800000 0.000244
92.900000 0.000245
93.000000 0.000246
93.100000 0.000247
93.200000 0.000249
93.300000 0.000250
93.400000 0.000251
93.500000 0.000253
93.600000 0.000254
93.700000 0.000255
93.800000 0.000257
93.900000 0.000258
94.000000 0.000259
94.100000 0.000261
94.200000 0.000262
94.300000 0.000263
94.400000 0.000265
94.500000 0.000266
94.600000 0.000267
94.700000 0.000269
94.800000 0.000270
94.900000 0.000271
95.000000 0.000273
95.100000 0.000274
95.200000 0.000275
95.300000 0.000277
95.400000 0.000278
95.500000 0.000279
95.600000 0.000280
95.700000 0.000282
95.800000 0.000283
95.900000 0.000284
96.000000 0.000285
96.100000 0.000286
96.200000 0.000288
96.300000 0.000289
96.400000 0.000290
96.500000 0.000291
96.600000 0.000292
96.700000 0.000293
96.800000 0.000294
96.900000 0.000294
97.000000 0.000295
97.100000 0.000296
97.200000 0.000297
97.300000 0.000297
97.400000 0.000298
97.500000 0.000298
97.600000 0.000298
97.700000 0.000298
97.800000 0.000298
97.900000 0.000298
98.000000 0.000298
98.100000 0.000298
98.200000 0.000297
98.300000 0.000296
98.400000 0.000295
98.500000 0.000294
98.600000 0.000293
98.700000 0.000291
98.800000 0.000290
98.900000 0.000288
99.000000 0.000286
99.100000 0.000283
99.200000 0.000281
99.300000 0.000278
99.400000 0.000276
99.500000 0.000273
99.600000 0.000270
99.700000 0.000267
99.800000 0.000265
99.900000 0.000262
100.000000 0.000259
100.100000 0.000257
100.200000 0.000254
100.300000 0.000252
100.400000 0.000250
100.500000 0.000248
100.600000 0.000246
100.700000 0.000245
100.800000 0.000243
100.900000 0.000242
101.000000 0.000241
101.100000 0.000241
101.200000 0.000240
101.300000 0.000240
101.400000 0.000240
101.500000 0.000240
101.600000 0.000240
101.700000 0.000240
101.800000 0.000240
101.900000 0.000241
102.000000 0.000241
102.100000 0.000242
102.200000 0.000243
102.300000 0.000243
102.400000 0.000244
102.500000 0.000245
102.600000 0.000246
102.700000 0.000247
102.800000 0.000248
102.900000 0.000249
103.000000 0.000250
103.100000 0.000251
103.200000 0.000252
103.300000 0.000254
103.400000 0.000255
103.500000 0.000256
103.600000 0.000257
103.700000 0.000258
103.800000 0.000259
103.900000 0.000261
104.000000 0.000262
104.100000 0.000263
104.200000 0.000264
104.300000 0.000265
104.400000 0.000267
104.500000 0.000268
104.600000 0.000269
104.700000 0.000270
104.800000 0.000271
104.900000 0.000273
105.000000 0.000274
105.100000 0.000275
105.200000 0.000276
105.300000 0.000277
105.400000 0.000278
105.500000 0.000280
105.600000 0.000281
105.700000 0.000282
105.800000 0.000283
105.900000 0.000284
106.000000 0.000285
106.100000 0.000286
106.200000 0.000287
106.300000 0.000288
106.400000 0.000289
106.500000 0.000290
106.600000 0.000291
106.700000 0.000291
106.800000 0.000292
106.900000 0.000293
107.000000 0.000293
107.100000 0.000294
107.200000 0.000294
107.300000 0.000295
107.400000 0.000295
107.500000 0.000295
107.600000 0.000296
107.700000 0.000296
107.800000 0.000296
107.900000 0.000295
108.000000 0.000295
108.100000 0.000295
108.200000 0.000294
108.300000 0.000293
108.400000 0.000292
108.500000 0.000291
108.600000 0.000290
108.700000 0.000289
108.800000 0.000287
108.900000 0.000285
109.000000 0.000284
109.100000 0.000282
109.200000 0.000280
109.300000 0.000278
109.400000 0.000275
109.500000 0.000273
109.600000 0.000271
109.700000 0.000268
109.800000 0.000266
109.900000 0.000264
110.000000 0.000262
110.100000 0.000260
110.200000 0.000257
110.300000 0.000256
110.400000 0.000254
110.500000 0.000252
110.600000 0.000251
110.700000 0.000250
110.800000 0.000248
110.900000 0.000247
111.000000 0.000247
111.100000 0.000246
111.200000 0.000245
111.300000 0.000245
111.400000 0.000245
111.500000 0.000245
111.600000 0.000245
111.700000 0.000245
111.800000 0.000245
111.900000 0.000246
112.000000 0.000246
112.100000 0.000246
112.200000 0.000247
112.300000 0.000248
112.400000 0.000248
112.500000 0.000249
112.600000 0.000250
112.700000 0.000251
112.800000 0.000252
112.900000 0.000253
113.000000 0.000253
113.100000 0.000254
113.200000 0.000255
113.300000 0.000256
113.400000 0.000257
113.500000 0.000258
113.600000 0.000260
113.700000 0.000261
113.800000 0.000262
113.900000 0.000263
114.000000 0.000264
114.100000 0.000265
114.200000 0.000266
114.300000 0.000267
114.400000 0.000268
114.500000 0.000269
114.600000 0.000270
114.700000 0.000271
114.800000 0.000272
114.900000 0.000274
115.000000 0.000275
115.100000 0.000276
115.200000 0.000277
115.300000 0.000278
115.400000 0.000279
115.500000 0.000280
115.600000 0.000281
115.700000 0.000282
115.800000 0.000283
115.900000 0.000284
116.000000 0.000284
116.100000 0.000285
116.200000 0.000286
116.300000 0.000287
116.400000 0.000288
116.500000 0.000289
116.600000 0.000289
116.700000 0.000290
116.800000 0.000291
116.900000 0.000291
117.000000 0.000292
117.100000 0.000292
117.200000 0.000292
117.300000 0.000293
117.400000 0.000293
117.500000 0.000293
117.600000 0.000293
117.700000 0.000293
117.800000 0.000293
117.900000 0.000293
118.000000 0.000292
118.100000 0.000292
118.200000 0.000291
118.300000 0.000291
118.400000 0.000290
118.500000 0.000289
118.600000 0.000288
118.700000 0.000287
118.800000 0.000285
118.900000 0.000284
119.000000 0.000282
119.100000 0.000280
119.200000 0.000279
119.300000 0.000277
119.400000 0.000275
119.500000 0.000273
119.600000 0.000271
119.700000 0.000269
119.800000 0.000267
119.900000 0.000265
120.000000 0.000264
120.100000 0.000262
120.200000 0.000260
120.300000 0.000259
120.400000 0.000257
120.500000 0.000256
120.600000 0.000254
120.700000 0.000253
120.800000 0.000252
120.900000 0.000251
121.000000 0.000251
121.100000 0.000250
121.200000 0.000250
121.300000 0.000249
121.400000 0.000249
121.500000 0.000249
121.600000 0.000249
121.700000 0.000249
121.800000 0.000249
121.900000 0.000250
122.000000 0.000250
122.100000 0.000250
122.200000 0.000251
122.300000 0.000251
122.400000 0.000252
122.500000 0.000252
122.600000 0.000253
122.700000 0.000254
122.800000 0.000255
122.900000 0.000255
123.000000 0.000256
123.100000 0.000257
123.200000 0.000258
123.300000 0.000259
123.400000 0.000260
123.500000 0.000261
123.600000 0.000262
123.700000 0.000263
123.800000 0.000264
123.900000 0.000264
124.000000 0.000265
124.100000 0.000266
124.200000 0.000267
124.300000 0.000268
124.400000 0.000269
124.500000 0.000270
124.600000 0.000271
124.700000 0.000272
124.800000 0.000273
124.900000 0.000274
125.000000 0.000275
125.100000 0.000276
125.200000 0.000277
125.300000 0.000278
125.400000 0.000279
125.500000 0.000280
125.600000 0.000281
125.700000 0.000282
125.800000 0.000282
125.900000 0.000283
126.000000 0.000284
126.100000 0.000285
126.200000 0.000286
126.300000 0.000286
126.400000 0.000287
126.500000 0.000288
126.600000 0.000288
126.700000 0.000289
126.800000 0.000289
126.900000 0.000290
127.000000 0.000290
127.100000 0.000290
127.200000 0.000291
127.300000 0.000291
127.400000 0.000291
127.500000 0.000291
127.600000 0.000291
127.700000 0.000291
127.800000 0.000291
127.900000 0.000291
128.000000 0.000290
128.100000 0.000290
128.200000 0.000289
128.300000 0.000289
128.400000 0.000288
128.500000 0.000287
128.600000 0.000286
128.700000 0.000285
128.800000 0.000284
128.900000 0.000282
129.000000 0.000281
129.100000 0.000280
129.200000 0.000278
129.300000 0.000276
129.400000 0.000275
129.500000 0.000273
129.600000 0.000272
129.700000 0.000270
129.800000 0.000268
129.900000 0.000267
130.000000 0.000265
130.100000 0.000264
130.200000 0.000262
130.300000 0.000261
130.400000 0.000260
130.500000 0.000258
130.600000 0.000257
130.700000 0.000256
130.800000 0.000256
130.900000 0.000255
131.000000 0.000254
131.100000 0.000254
131.200000 0.000253
131.300000 0.000253
131.400000 0.000253
131.500000 0.000253
131.600000 0.000252
131.700000 0.000253
131.800000 0.000253
131.900000 0.000253
132.000000 0.000253
132.100000 0.000253
132.200000 0.000254
132.300000 0.000254
132.400000 0.000255
132.500000 0.000255
132.600000 0.000256
132.700000 0.000257
132.800000 0.000257
132.900000 0.000258
133.000000 0.000259
133.100000 0.000259
133.200000 0.000260
133.300000 0.000261
133.400000 0.000262
133.500000 0.000263
133.600000 0.000263
133.700000 0.000264
133.800000 0.000265
133.900000 0.000266
134.000000 0.000267
134.100000 0.000268
134.200000 0.000269
134.300000 0.000269
134.400000 0.000270
134.500000 0.000271
134.600000 0.000272
134.700000 0.000273
134.800000 0.000274
134.900000 0.000275
135.000000 0.000276
135.100000 0.000276
135.200000 0.000277
135.300000 0.000278
135.400000 0.000279
135.500000 0.000280
135.600000 0.000280
135.700000 0.000281
135.800000 0.000282
135.900000 0.000283
136.000000 0.000283
136.100000 0.000284
136.200000 0.000285
136.300000 0.000285
136.400000 0.000286
136.500000 0.000287
136.600000 0.000287
136.700000 0.000288
136.800000 0.000288
136.900000 0.000288
137.000000 0.000289
137.100000 0.000289
137.200000 0.000289
137.300000 0.000289
137.400000 0.000289
137.500000 0.000289
137.600000 0.000289
137.700000 0.000289
137.800000 0.000289
137.900000 0.000289
138.000000 0.000288
138.100000 0.000288
138.200000 0.000287
138.300000 0.000287
138.400000 0.000286
138.500000 0.000285
138.600000 0.000284
138.700000 0.000283
138.800000 0.000282
138.900000 0.000281
139.000000 0.000280
139.100000 0.000279
139.200000 0.000278
139.300000 0.000276
139.400000 0.000275
139.500000 0.000273
139.600000 0.000272
139.700000 0.000271
139.800000 0.000269
139.900000 0.000268
140.000000 0.000267
140.100000 0.000265
140.200000 0.000264
140.300000 0.000263
140.400000 0.000262
140.500000 0.000261
140.600000 0.000260
140.700000 0.000259
140.800000 0.000258
140.900000 0.000258
141.000000 0.000257
141.100000 0.000257
141.200000 0.000256
141.300000 0.000256
141.400000 0.000256
141.500000 0.000255
141.600000 0.000255
141.700000 0.000255
141.800000 0.000255
141.900000 0.000256
142.000000 0.000256
142.100000 0.000256
142.200000 0.000256
142.300000 0.000257
142.400000 0.000257
142.500000 0.000258
142.600000 0.000258
142.700000 0.000259
142.800000 0.000259
142.900000 0.000260
143.000000 0.000261
143.100000 0.000261
143.200000 0.000262
143.300000 0.000263
143.400000 0.000263
143.500000 0.000264
143.600000 0.000265
143.700000 0.000266
143.800000 0.000266
143.900000 0.000267
144.000000 0.000268
144.100000 0.000269
144.200000 0.000270
144.300000 0.000270
144.400000 0.000271
144.500000 0.000272
144.600000 0.000273
144.700000 0.000274
144.800000 0.000274
144.900000 0.000275
145.000000 0.000276
145.100000 0.000277
145.200000 0.000277
145.300000 0.000278
145.400000 0.000279
145.500000 0.000280
145.600000 0.000280
145.700000 0.000281
145.800000 0.000282
145.900000 0.000282
146.000000 0.000283
146.100000 0.000284
146.200000 0.000284
146.300000 0.000285
146.400000 0.000285
146.500000 0.000286
146.600000 0.000286
146.700000 0.000287
146.800000 0.000287
146.900000 0.000287
147.000000 0.000287
147.100000 0.000288
147.200000 0.000288
147.300000 0.000288
147.400000 0.000288
147.500000 0.000288
147.600000 0.000288
147.700000 0.000288
147.800000 0.000288
147.900000 0.000287
148.000000 0.000287
148.100000 0.000286
148.200000 0.000286
148.300000 0.000285
148.400000 0.000285
148.500000 0.000284
148.600000 0.000283
148.700000 0.000282
148.800000 0.000281
148.900000 0.000280
149.000000 0.000279
149.100000 0.000278
149.200000 0.000277
149.300000 0.000276
149.400000 0.000275
149.500000 0.000274
149.600000 0.000272
149.700000 0.000271
149.800000 0.000270
149.900000 0.000269
150.000000 0.000268
150.100000 0.000267
150.200000 0.000266
150.300000 0.000265
150.400000 0.000264
150.500000 0.000263
150.600000 0.000262
150.700000 0.000261
150.800000 0.000261
150.900000 0.000260
151.000000 0.000259
151.100000 0.000259
151.200000 0.000259
151.300000 0.000258
151.400000 0.000258
151.500000 0.000258
151.600000 0.000258
151.700000 0.000258
151.800000 0.000258
151.900000 0.000258
152.000000 0.000258
152.100000 0.000258
152.200000 0.000259
152.300000 0.000259
152.400000 0.000259
152.500000 0.000260
152.600000 0.000260
152.700000 0.000261
152.800000 0.000261
152.900000 0.000262
153.000000 0.000262
153.100000 0.000263
153.200000 0.000263
153.300000 0.000264
153.400000 0.000265
153.500000 0.000265
153.600000 0.000266
153.700000 0.000267
153.800000 0.000267
153.900000 0.000268
154.000000 0.000269
154.100000 0.000270
154.200000 0.000270
154.300000 0.000271
154.400000 0.000272
154.500000 0.000272
154.600000 0.000273
154.700000 0.000274
154.800000 0.000275
154.900000 0.000275
155.000000 0.000276
155.100000 0.000277
155.200000 0.000277
155.300000 0.000278
155.400000 0.000279
155.500000 0.000279
155.600000 0.000280
155.700000 0.000281
155.800000 0.000281
155.900000 0.000282
156.000000 0.000282
156.100000 0.000283
156.200000 0.000283
156.300000 0.000284
156.400000 0.000284
156.500000 0.000285
156.600000 0.000285
156.700000 0.000286
156.800000 0.000286
156.900000 0.000286
157.000000 0.000286
157.100000 0.000286
157.200000 0.000287
157.300000 0.000287
157.400000 0.000287
157.500000 0.000287
157.600000 0.000287
157.700000 0.000286
157.800000 0.000286
157.900000 0.000286
158.000000 0.000286
158.100000 0.000285
158.200000 0.000285
158.300000 0.000284
158.400000 0.000284
158.500000 0.000283
158.600000 0.000282
158.700000 0.000281
158.800000 0.000281
158.900000 0.000280
159.000000 0.000279
159.100000 0.000278
159.200000 0.000277
159.300000 0.000276
159.400000 0.000275
159.500000 0.000274
159.600000 0.000273
159.700000 0.000272
159.800000 0.000271
159.900000 0.000270
160.000000 0.000269
160.100000 0.000268
160.200000 0.000267
160.300000 0.000266
160.400000 0.000265
160.500000 0.000264
160.600000 0.000264
160.700000 0.000263
160.800000 0.000262
160.900000 0.000262
161.000000 0.000261
161.100000 0.000261
161.200000 0.000261
161.300000 0.000260
161.400000 0.000260
161.500000 0.000260
161.600000 0.000260
161.700000 0.000260
161.800000 0.000260
161.900000 0.000260
162.000000 0.000260
162.100000 0.000260
162.200000 0.000261
162.300000 0.000261
162.400000 0.000261
162.500000 0.000262
162.600000 0.000262
162.700000 0.000262
162.800000 0.000263
162.900000 0.000263
163.000000 0.000264
163.100000 0.000264
163.200000 0.000265
163.300000 0.000265
163.400000 0.000266
163.500000 0.000267
163.600000 0.000267
163.700000 0.000268
163.800000 0.000268
163.900000 0.000269
164.000000 0.000270
164.100000 0.000270
164.200000 0.000271
164.300000 0.000272
164.400000 0.000272
164.500000 0.000273
164.600000 0.000274
164.700000 0.000274
164.800000 0.000275
164.900000 0.000276
165.000000 0.000276
165.100000 0.000277
165.200000 0.000277
165.300000 0.000278
165.400000 0.000279
165.500000 0.000279
165.600000 0.000280
165.700000 0.000280
165.800000 0.000281
165.900000 0.000281
166.000000 0.000282
166.100000 0.000282
166.200000 0.000283
166.300000 0.000283
166.400000 0.000284
166.500000 0.000284
166.600000 0.000284
166.700000 0.000285
166.800000 0.000285
166.900000 0.000285
167.000000 0.000285
167.100000 0.000285
167.200000 0.000285
167.300000 0.000286
167.400000 0.000286
167.500000 0.000285
167.600000 0.000285
167.700000 0.000285
167.800000 0.000285
167.900000 0.000285
168.000000 0.000284
168.100000 0.000284
168.200000 0.000284
168.300000 0.000283
168.400000 0.000283
168.500000 0.000282
168.600000 0.000281
168.700000 0.000281
168.800000 0.000280
168.900000 0.000279
169.000000 0.000278
169.100000 0.000277
169.200000 0.000277
169.300000 0.000276
169.400000 0.000275
169.500000 0.000274
169.600000 0.000273
169.700000 0.000272
169.800000 0.000271
169.900000 0.000270
170.000000 0.000270
170.100000 0.000269
170.200000 0.000268
170.300000 0.000267
170.400000 0.000266
170.500000 0.000266
170.600000 0.000265
170.700000 0.000265
170.800000 0.000264
170.900000 0.000264
171.000000 0.000263
171.100000 0.000263
171.200000 0.000262
171.300000 0.000262
171.400000 0.000262
171.500000 0.000262
171.600000 0.000262
171.700000 0.000262
171.800000 0.000262
171.900000 0.000262
172.000000 0.000262
172.100000 0.000262
172.200000 0.000262
172.300000 0.000263
172.400000 0.000263
172.500000 0.000263
172.600000 0.000263
172.700000 0.000264
172.800000 0.000264
172.900000 0.000265
173.000000 0.000265
173.100000 0.000266
173.200000 0.000266
173.300000 0.000267
173.400000 0.000267
173.500000 0.000268
173.600000 0.000268
173.700000 0.000269
173.800000 0.000269
173.900000 0.000270
174.000000 0.000270
174.100000 0.000271
174.200000 0.000272
174.300000 0.000272
174.400000 0.000273
174.500000 0.000273
174.600000 0.000274
174.700000 0.000275
174.800000 0.000275
174.900000 0.000276
175.000000 0.000276
175.100000 0.000277
175.200000 0.000277
175.300000 0.000278
175.400000 0.000279
175.500000 0.000279
175.600000 0.000280
175.700000 0.000280
175.800000 0.000281
175.900000 0.000281
176.000000 0.000281
176.100000 0.000282
176.200000 0.000282
176.300000 0.000283
176.400000 0.000283
176.500000 0.000283
176.600000 0.000284
176.700000 0.000284
176.800000 0.000284
176.900000 0.000284
177.000000 0.000284
177.100000 0.000284
177.200000 0.000285
177.300000 0.000285
177.400000 0.000285
177.500000 0.000284
177.600000 0.000284
177.700000 0.000284
177.800000 0.000284
177.900000 0.000284
178.000000 0.000283
178.100000 0.000283
178.200000 0.000283
178.300000 0.000282
178.400000 0.000282
178.500000 0.000281
178.600000 0.000281
178.700000 0.000280
178.800000 0.000279
178.900000 0.000279
179.000000 0.000278
179.100000 0.000277
179.200000 0.000276
179.300000 0.000276
179.400000 0.000275
179.500000 0.000274
179.600000 0.000273
179.700000 0.000273
179.800000 0.000272
179.900000 0.000271
180.000000 0.000270
180.100000 0.000270
180.200000 0.000269
180.300000 0.000268
180.400000 0.000268
180.500000 0.000267
180.600000 0.000266
180.700000 0.000266
180.800000 0.000265
180.900000 0.000265
181.000000 0.000265
181.100000 0.000264
181.200000 0.000264
181.300000 0.000264
181.400000 0.000264
181.500000 0.000263
181.600000 0.000263
181.700000 0.000263
181.800000 0.000263
181.900000 0.000263
182.000000 0.000263
182.100000 0.000264
182.200000 0.000264
182.300000 0.000264
182.400000 0.000264
182.500000 0.000264
182.600000 0.000265
182.700000 0.000265
182.800000 0.000265
182.900000 0.000266
183.000000 0.000266
183.100000 0.000267
183.200000 0.000267
183.300000 0.000268
183.400000 0.000268
183.500000 0.000268
183.600000 0.000269
183.700000 0.000269
183.800000 0.000270
183.900000 0.000270
184.000000 0.000271
184.100000 0.000272
184.200000 0.000272
184.300000 0.000273
184.400000 0.000273
184.500000 0.000274
184.600000 0.000274
184.700000 0.000275
184.800000 0.000275
184.900000 0.000276
185.000000 0.000276
185.100000 0.000277
185.200000 0.000277
185.300000 0.000278
185.400000 0.000278
185.500000 0.000279
185.600000 0.000279
185.700000 0.000280
185.800000 0.000280
185.900000 0.000281
186.000000 0.000281
186.100000 0.000281
186.200000 0.000282
186.300000 0.000282
186.400000 0.000282
186.500000 0.000283
186.600000 0.000283
186.700000 0.000283
186.800000 0.000283
186.900000 0.000283
187.000000 0.000284
187.100000 0.000284
187.200000 0.000284
187.300000 0.000284
187.400000 0.000284
187.500000 0.000284
187.600000 0.000283
187.700000 0.000283
187.800000 0.000283
187.900000 0.000283
188.000000 0.000283
188.100000 0.000282
188.200000 0.000282
188.300000 0.000281
188.400000 0.000281
188.500000 0.000281
188.600000 0.000280
188.700000 0.000279
188.800000 0.000279
188.900000 0.000278
189.000000 0.000278
189.100000 0.000277
189.200000 0.000276
189.300000 0.000276
189.400000 0.000275
189.500000 0.000274
189.600000 0.000274
189.700000 0.000273
189.800000 0.000272
189.900000 0.000272
190.000000 0.000271
190.100000 0.000270
190.200000 0.000270
190.300000 0.000269
190.400000 0.000268
190.500000 0.000268
190.600000 0.000267
190.700000 0.000267
190.800000 0.000267
190.900000 0.000266
191.000000 0.000266
191.100000 0.000266
191.200000 0.000265
191.300000 0.000265
191.400000 0.000265
191.500000 0.000265
191.600000 0.000265
191.700000 0.000265
191.800000 0.000265
191.900000 0.000265
192.000000 0.000265
192.100000 0.000265
192.200000 0.000265
192.300000 0.000265
192.400000 0.000265
192.500000 0.000266
192.600000 0.000266
192.700000 0.000266
192.800000 0.000267
192.900000 0.000267
193.000000 0.000267
193.100000 0.000268
193.200000 0.000268
193.300000 0.000268
193.400000 0.000269
193.500000 0.000269
193.600000 0.000270
193.700000 0.000270
193.800000 0.000271
193.900000 0.000271
194.000000 0.000272
194.100000 0.000272
194.200000 0.000273
194.300000 0.000273
194.400000 0.000274
194.500000 0.000274
194.600000 0.000275
194.700000 0.000275
194.800000 0.000275
194.900000 0.000276
195.000000 0.000276
195.100000 0.000277
195.200000 0.000277
195.300000 0.000278
195.400000 0.000278
195.500000 0.000279
195.600000 0.000279
195.700000 0.000280
195.800000 0.000280
195.900000 0.000280
196.000000 0.000281
196.100000 0.000281
196.200000 0.000281
196.300000 0.000282
196.400000 0.000282
196.500000 0.000282
196.600000 0.000282
196.700000 0.000282
196.800000 0.000283
196.900000 0.000283
197.000000 0.000283
197.100000 0.000283
197.200000 0.000283
197.300000 0.000283
197.400000 0.000283
197.500000 0.000283
197.600000 0.000283
197.700000 0.000282
197.800000 0.000282
197.900000 0.000282
198.000000 0.000282
198.100000 0.000282
198.200000 0.000281
198.300000 0.000281
198.400000 0.000280
198.500000 0.000280
198.600000 0.000280
198.700000 0.000279
198.800000 0.000279
198.900000 0.000278
199.000000 0.000277
199.100000 0.000277
199.200000 0.000276
199.300000 0.000276
199.400000 0.000275
199.500000 0.000274
199.600000 0.000274
199.700000 0.000273
199.800000 0.000273
199.900000 0.000272
200.000000 0.000271
200.100000 0.000271
200.200000 0.000270
200.300000 0.000270
200.400000 0.000269
200.500000 0.000269
200.600000 0.000268
200.700000 0.000268
200.800000 0.000268
200.900000 0.000267
201.000000 0.000267
201.100000 0.000267
201.200000 0.000267
201.300000 0.000266
201.400000 0.000266
201.500000 0.000266
201.600000 0.000266
201.700000 0.000266
201.800000 0.000266
201.900000 0.000266
202.000000 0.000266
202.100000 0.000266
202.200000 0.000266
202.300000 0.000266
202.400000 0.000267
202.500000 0.000267
202.600000 0.000267
202.700000 0.000267
202.800000 0.000267
202.900000 0.000268
203.000000 0.000268
203.100000 0.000268
203.200000 0.000269
203.300000 0.000269
203.400000 0.000270
203.500000 0.000270
203.600000 0.000270
203.700000 0.000271
203.800000 0.000271
203.900000 0.000272
204.000000 0.000272
204.100000 0.000272
204.200000 0.000273
204.300000 0.000273
204.400000 0.000274
204.500000 0.000274
204.600000 0.000275
204.700000 0.000275
204.800000 0.000276
204.900000 0.000276
205.000000 0.000276
205.100000 0.000277
205.200000 0.000277
205.300000 0.000278
205.400000 0.000278
205.500000 0.000279
205.600000 0.000279
205.700000 0.000279
205.800000 0.000280
205.900000 0.000280
206.000000 0.000280
206.100000 0.000281
206.200000 0.000281
206.300000 0.000281
206.400000 0.000281
206.500000 0.000281
206.600000 0.000282
206.700000 0.000282
206.800000 0.000282
206.900000 0.000282
207.000000 0.000282
207.100000 0.000282
207.200000 0.000282
207.300000 0.000282
207.400000 0.000282
207.500000 0.000282
207.600000 0.000282
207.700000 0.000282
207.800000 0.000282
207.900000 0.000281
208.000000 0.000281
208.100000 0.000281
208.200000 0.000281
208.300000 0.000280
208.400000 0.000280
208.500000 0.000280
208.600000 0.000279
208.700000 0.000279
208.800000 0.000278
208.900000 0.000278
209.000000 0.000277
209.100000 0.000277
209.200000 0.000276
209.300000 0.000276
209.400000 0.000275
209.500000 0.000275
209.600000 0.000274
209.700000 0.000273
209.800000 0.000273
209.900000 0.000272
210.000000 0.000272
210.100000 0.000271
210.200000 0.000271
210.300000 0.000270
210.400000 0.000270
210.500000 0.000270
210.600000 0.000269
210.700000 0.000269
210.800000 0.000269
210.900000 0.000268
211.000000 0.000268
211.100000 0.000268
211.200000 0.000268
211.300000 0.000267
211.400000 0.000267
211.500000 0.000267
211.600000 0.000267
211.700000 0.000267
211.800000 0.000267
211.900000 0.000267
212.000000 0.000267
212.100000 0.000267
212.200000 0.000267
212.300000 0.000267
212.400000 0.000267
212.500000 0.000268
212.600000 0.000268
212.700000 0.000268
212.800000 0.000268
212.900000 0.000269
213.000000 0.000269
213.100000 0.000269
213.200000 0.000270
213.300000 0.000270
213.400000 0.000270
213.500000 0.000271
213.600000 0.000271
213.700000 0.000271
213.800000 0.000272
213.900000 0.000272
214.000000 0.000272
214.100000 0.000273
214.200000 0.000273
214.300000 0.000274
214.400000 0.000274
214.500000 0.000274
214.600000 0.000275
214.700000 0.000275
214.800000 0.000276
214.900000 0.000276
215.000000 0.000276
215.100000 0.000277
215.200000 0.000277
215.300000 0.000278
215.400000 0.000278
215.500000 0.000278
215.600000 0.000279
215.700000 0.000279
215.800000 0.000279
215.900000 0.000280
216.000000 0.000280
216.100000 0.000280
216.200000 0.000280
216.300000 0.000281
216.400000 0.000281
216.500000 0.000281
216.600000 0.000281
216.700000 0.000281
216.800000 0.000281
216.900000 0.000281
217.000000 0.000282
217.100000 0.000282
217.200000 0.000282
217.300000 0.000282
217.400000 0.000282
217.500000 0.000281
217.600000 0.000281
217.700000 0.000281
217.800000 0.000281
217.900000 0.000281
218.000000 0.000281
218.100000 0.000280
218.200000 0.000280
218.300000 0.000280
218.400000 0.000279
218.500000 0.000279
218.600000 0.000279
218.700000 0.000278
218.800000 0.000278
218.900000 0.000277
219.000000 0.000277
219.100000 0.000277
219.200000 0.000276
219.300000 0.000276
219.400000 0.000275
219.500000 0.000275
219.600000 0.000274
219.700000 0.000274
219.800000 0.000273
219.900000 0.000273
220.000000 0.000272
220.100000 0.000272
220.200000 0.000271
220.300000 0.000271
220.400000 0.000271
220.500000 0.000270
220.600000 0.000270
220.700000 0.000270
220.800000 0.000269
220.900000 0.000269
221.000000 0.000269
221.100000 0.000269
221.200000 0.000268
221.300000 0.000268
221.400000 0.000268
221.500000 0.000268
221.600000 0.000268
221.700000 0.000268
221.800000 0.000268
221.900000 0.000268
222.000000 0.000268
222.100000 0.000268
222.200000 0.000268
222.300000 0.000268
222.400000 0.000268
222.500000 0.000269
222.600000 0.000269
222.700000 0.000269
222.800000 0.000269
222.900000 0.000269
223.000000 0.000270
223.100000 0.000270
223.200000 0.000270
223.300000 0.000270
223.400000 0.000271
223.500000 0.000271
223.600000 0.000271
223.700000 0.000272
223.800000 0.000272
223.900000 0.000272
224.000000 0.000273
224.100000 0.000273
224.200000 0.000274
224.300000 0.000274
224.400000 0.000274
224.500000 0.000275
224.600000 0.000275
224.700000 0.000275
224.800000 0.000276
224.900000 0.000276
225.000000 0.000276
225.100000 0.000277
225.200000 0.000277
225.300000 0.000278
225.400000 0.000278
225.500000 0.000278
225.600000 0.000278
225.700000 0.000279
225.800000 0.000279
225.900000 0.000279
226.000000 0.000280
226.100000 0.000280
226.200000 0.000280
226.300000 0.000280
226.400000 0.000280
226.500000 0.000281
226.600000 0.000281
226.700000 0.000281
226.800000 0.000281
226.900000 0.000281
227.000000 0.000281
227.100000 0.000281
227.200000 0.000281
227.300000 0.000281
227.400000 0.000281
227.500000 0.000281
227.600000 0.000281
227.700000 0.000281
227.800000 0.000280
227.900000 0.000280
228.000000 0.000280
228.100000 0.000280
228.200000 0.000280
228.300000 0.000279
228.400000 0.000279
228.500000 0.000279
228.600000 0.000278
228.700000 0.000278
228.800000 0.000278
228.900000 0.000277
229.000000 0.000277
229.100000 0.000277
229.200000 0.000276
229.300000 0.000276
229.400000 0.000275
229.500000 0.000275
229.600000 0.000274
229.700000 0.000274
229.800000 0.000274
229.900000 0.000273
230.000000 0.000273
230.100000 0.000272
230.200000 0.000272
230.300000 0.000272
230.400000 0.000271
230.500000 0.000271
230.600000 0.000271
230.700000 0.000270
230.800000 0.000270
230.900000 0.000270
231.000000 0.000270
231.100000 0.000269
231.200000 0.000269
231.300000 0.000269
231.400000 0.000269
231.500000 0.000269
231.600000 0.000269
231.700000 0.000269
231.800000 0.000269
231.900000 0.000269
232.000000 0.000269
232.100000 0.000269
232.200000 0.000269
232.300000 0.000269
232.400000 0.000269
232.500000 0.000269
232.600000 0.000269
232.700000 0.000270
232.800000 0.000270
232.900000 0.000270
233.000000 0.000270
233.100000 0.000270
233.200000 0.000271
233.300000 0.000271
233.400000 0.000271
233.500000 0.000272
233.600000 0.000272
233.700000 0.000272
233.800000 0.000272
233.900000 0.000273
234.000000 0.000273
234.100000 0.000273
234.200000 0.000274
234.300000 0.000274
234.400000 0.000274
234.500000 0.000275
234.600000 0.000275
234.700000 0.000275
234.800000 0.000276
234.900000 0.000276
235.000000 0.000276
235.100000 0.000277
235.200000 0.000277
235.300000 0.000277
235.400000 0.000278
235.500000 0.000278
235.600000 0.000278
235.700000 0.000279
235.800000 0.000279
235.900000 0.000279
236.000000 0.000279
236.100000 0.000279
236.200000 0.000280
236.300000 0.000280
236.400000 0.000280
236.500000 0.000280
236.600000 0.000280
236.700000 0.000280
236.800000 0.000280
236.900000 0.000280
237.000000 0.000281
237.100000 0.000281
237.200000 0.000281
237.300000 0.000281
237.400000 0.000280
237.500000 0.000280
237.600000 0.000280
237.700000 0.000280
237.800000 0.000280
237.900000 0.000280
238.000000 0.000280
238.100000 0.000279
238.200000 0.000279
238.300000 0.000279
238.400000 0.000279
238.500000 0.000278
238.600000 0.000278
238.700000 0.000278
238.800000 0.000277
238.900000 0.000277
239.000000 0.000277
239.100000 0.000276
239.200000 0.000276
239.300000 0.000276
239.400000 0.000275
239.500000 0.000275
239.600000 0.000275
239.700000 0.000274
239.800000 0.000274
239.900000 0.000273
240.000000 0.000273
240.100000 0.000273
240.200000 0.000272
240.300000 0.000272
240.400000 0.000272
240.500000 0.000271
240.600000 0.000271
240.700000 0.000271
240.800000 0.000271
240.900000 0.000270
241.000000 0.000270
241.100000 0.000270
241.200000 0.000270
241.300000 0.000270
241.400000 0.000270
241.500000 0.000270
241.600000 0.000270
241.700000 0.000269
241.800000 0.000269
241.900000 0.000269
242.000000 0.000270
242.100000 0.000270
242.200000 0.000270
242.300000 0.000270
242.400000 0.000270
242.500000 0.000270
242.600000 0.000270
242.700000 0.000270
242.800000 0.000270
242.900000 0.000271
243.000000 0.000271
243.100000 0.000271
243.200000 0.000271
243.300000 0.000271
243.400000 0.000272
243.500000 0.000272
243.600000 0.000272
243.700000 0.000273
243.800000 0.000273
243.900000 0.000273
244.000000 0.000273
244.100000 0.000274
244.200000 0.000274
244.300000 0.000274
244.400000 0.000275
244.500000 0.000275
244.600000 0.000275
244.700000 0.000276
244.800000 0.000276
244.900000 0.000276
245.000000 0.000276
245.100000 0.000277
245.200000 0.000277
245.300000 0.000277
245.400000 0.000278
245.500000 0.000278
245.600000 0.000278
245.700000 0.000278
245.800000 0.000279
245.900000 0.000279
246.000000 0.000279
246.100000 0.000279
246.200000 0.000279
246.300000 0.000279
246.400000 0.000280
246.500000 0.000280
246.600000 0.000280
246.700000 0.000280
246.800000 0.000280
246.900000 0.000280
247.000000 0.000280
247.100000 0.000280
247.200000 0.000280
247.300000 0.000280
247.400000 0.000280
247.500000 0.000280
247.600000 0.000280
247.700000 0.000280
247.800000 0.000280
247.900000 0.000279
248.000000 0.000279
248.100000 0.000279
248.200000 0.000279
248.300000 0.000279
248.400000 0.000278
248.500000 0.000278
248.600000 0.000278
248.700000 0.000278
248.800000 0.000277
248.900000 0.000277
249.000000 0.000277
249.100000 0.000276
249.200000 0.000276
249.300000 0.000276
249.400000 0.000275
249.500000 0.000275
249.600000 0.000275
249.700000 0.000274
249.800000 0.000274
249.900000 0.000274
250.000000 0.000273
250.100000 0.000273
250.200000 0.000273
250.300000 0.000272
250.400000 0.000272
250.500000 0.000272
250.600000 0.000272
250.700000 0.000271
250.800000 0.000271
250.900000 0.000271
251.000000 0.000271
251.100000 0.000271
251.200000 0.000271
251.300000 0.000270
251.400000 0.000270
251.500000 0.000270
251.600000 0.000270
251.700000 0.000270
251.800000 0.000270
251.900000 0.000270
252.000000 0.000270
252.100000 0.000270
252.200000 0.000270
252.300000 0.000270
252.400000 0.000270
252.500000 0.000271
252.600000 0.000271
252.700000 0.000271
252.800000 0.000271
252.900000 0.000271
253.000000 0.000271
253.100000 0.000272
253.200000 0.000272
253.300000 0.000272
253.400000 0.000272
253.500000 0.000272
253.600000 0.000273
253.700000 0.000273
253.800000 0.000273
253.900000 0.000273
254.000000 0.000274
254.100000 0.000274
254.200000 0.000274
254.300000 0.000275
254.400000 0.000275
254.500000 0.000275
254.600000 0.000275
254.700000 0.000276
254.800000 0.000276
254.900000 0.000276
255.000000 0.000276
255.100000 0.000277
255.200000 0.000277
255.300000 0.000277
255.400000 0.000277
255.500000 0.000278
255.600000 0.000278
255.700000 0.000278
255.800000 0.000278
255.900000 0.000279
256.000000 0.000279
256.100000 0.000279
256.200000 0.000279
256.300000 0.000279
256.400000 0.000279
256.500000 0.000279
256.600000 0.000279
256.700000 0.000280
256.800000 0.000280
256.900000 0.000280
257.000000 0.000280
257.100000 0.000280
257.200000 0.000280
257.300000 0.000280
257.400000 0.000280
257.500000 0.000280
257.600000 0.000279
257.700000 0.000279
257.800000 0.000279
257.900000 0.000279
258.000000 0.000279
258.100000 0.000279
258.200000 0.000279
258.300000 0.000278
258.400000 0.000278
258.500000 0.000278
258.600000 0.000278
258.700000 0.000277
258.800000 0.000277
258.900000 0.000277
259.000000 0.000277
259.100000 0.000276
259.200000 0.000276
259.300000 0.000276
259.400000 0.000275
259.500000 0.000275
259.600000 0.000275
259.700000 0.000275
259.800000 0.000274
259.900000 0.000274
260.000000 0.000274
260.100000 0.000273
260.200000 0.000273
260.300000 0.000273
260.400000 0.000273
260.500000 0.000272
260.600000 0.000272
260.700000 0.000272
260.800000 0.000272
260.900000 0.000272
261.000000 0.000271
261.100000 0.000271
261.200000 0.000271
261.300000 0.000271
261.400000 0.000271
261.500000 0.000271
261.600000 0.000271
261.700000 0.000271
261.800000 0.000271
261.900000 0.000271
262.000000 0.000271
262.100000 0.000271
262.200000 0.000271
262.300000 0.000271
262.400000 0.000271
262.500000 0.000271
262.600000 0.000271
262.700000 0.000271
262.800000 0.000271
262.900000 0.000272
263.000000 0.000272
263.100000 0.000272
263.200000 0.000272
263.300000 0.000272
263.400000 0.000273
263.500000 0.000273
263.600000 0.000273
263.700000 0.000273
263.800000 0.000273
263.900000 0.000274
264.000000 0.000274
264.100000 0.000274
264.200000 0.000274
264.300000 0.000275
264.400000 0.000275
264.500000 0.000275
264.600000 0.000275
264.700000 0.000276
264.800000 0.000276
264.900000 0.000276
265.000000 0.000276
265.100000 0.000277
265.200000 0.000277
265.300000 0.000277
265.400000 0.000277
265.500000 0.000278
265.600000 0.000278
265.700000 0.000278
265.800000 0.000278
265.900000 0.000278
266.000000 0.000278
266.100000 0.000279
266.200000 0.000279
266.300000 0.000279
266.400000 0.000279
266.500000 0.000279
266.600000 0.000279
266.700000 0.000279
266.800000 0.000279
266.900000 0.000279
267.000000 0.000279
267.100000 0.000279
267.200000 0.000279
267.300000 0.000279
267.400000 0.000279
267.500000 0.000279
267.600000 0.000279
267.700000 0.000279
267.800000 0.000279
267.900000 0.000279
268.000000 0.000279
268.100000 0.000278
268.200000 0.000278
268.300000 0.000278
268.400000 0.000278
268.500000 0.000278
268.600000 0.000278
268.700000 0.000277
268.800000 0.000277
268.900000 0.000277
269.000000 0.000277
269.100000 0.000276
269.200000 0.000276
269.300000 0.000276
269.400000 0.000275
269.500000 0.000275
269.600000 0.000275
269.700000 0.000275
269.800000 0.000274
269.900000 0.000274
270.000000 0.000274
270.100000 0.000274
270.200000 0.000273
270.300000 0.000273
270.400000 0.000273
270.500000 0.000273
270.600000 0.000273
270.700000 0.000272
270.800000 0.000272
270.900000 0.000272
271.000000 0.000272
271.100000 0.000272
271.200000 0.000272
271.300000 0.000271
271.400000 0.000271
271.500000 0.000271
271.600000 0.000271
271.700000 0.000271
271.800000 0.000271
271.900000 0.000271
272.000000 0.000271
272.100000 0.000271
272.200000 0.000271
272.300000 0.000271
272.400000 0.000271
272.500000 0.000272
272.600000 0.000272
272.700000 0.000272
272.800000 0.000272
272.900000 0.000272
273.000000 0.000272
273.100000 0.000272
273.200000 0.000273
273.300000 0.000273
273.400000 0.000273
273.500000 0.000273
273.600000 0.000273
273.700000 0.000273
273.800000 0.000274
273.900000 0.000274
274.000000 0.000274
274.100000 0.000274
274.200000 0.000275
274.300000 0.000275
274.400000 0.000275
274.500000 0.000275
274.600000 0.000275
274.700000 0.000276
274.800000 0.000276
274.900000 0.000276
275.000000 0.000276
275.100000 0.000277
275.200000 0.000277
275.300000 0.000277
275.400000 0.000277
275.500000 0.000277
275.600000 0.000278
275.700000 0.000278
275.800000 0.000278
275.900000 0.000278
276.000000 0.000278
276.100000 0.000278
276.200000 0.000278
276.300000 0.000279
276.400000 0.000279
276.500000 0.000279
276.600000 0.000279
276.700000 0.000279
276.800000 0.000279
276.900000 0.000279
277.000000 0.000279
277.100000 0.000279
277.200000 0.000279
277.300000 0.000279
277.400000 0.000279
277.500000 0.000279
277.600000 0.000279
277.700000 0.000279
277.800000 0.000279
277.900000 0.000279
278.000000 0.000278
278.100000 0.000278
278.200000 0.000278
278.300000 0.000278
278.400000 0.000278
278.500000 0.000278
278.600000 0.000277
278.700000 0.000277
278.800000 0.000277
278.900000 0.000277
279.000000 0.000276
279.100000 0.000276
279.200000 0.000276
279.300000 0.000276
279.400000 0.000276
279.500000 0.000275
279.600000 0.000275
279.700000 0.000275
279.800000 0.000275
279.900000 0.000274
280.000000 0.000274
280.100000 0.000274
280.200000 0.000274
280.300000 0.000273
280.400000 0.000273
280.500000 0.000273
280.600000 0.000273
280.700000 0.000273
280.800000 0.000273
280.900000 0.000272
281.000000 0.000272
281.100000 0.000272
281.200000 0.000272
281.300000 0.000272
281.400000 0.000272
281.500000 0.000272
281.600000 0.000272
281.700000 0.000272
281.800000 0.000272
281.900000 0.000272
282.000000 0.000272
282.100000 0.000272
282.200000 0.000272
282.300000 0.000272
282.400000 0.000272
282.500000 0.000272
282.600000 0.000272
282.700000 0.000272
282.800000 0.000272
282.900000 0.000272
283.000000 0.000273
283.100000 0.000273
283.200000 0.000273
283.300000 0.000273
283.400000 0.000273
283.500000 0.000273
283.600000 0.000274
283.700000 0.000274
283.800000 0.000274
283.900000 0.000274
284.000000 0.000274
284.100000 0.000275
284.200000 0.000275
284.300000 0.000275
284.400000 0.000275
284.500000 0.000275
284.600000 0.000276
284.700000 0.000276
284.800000 0.000276
284.900000 0.000276
285.000000 0.000276
285.100000 0.000277
285.200000 0.000277
285.300000 0.000277
285.400000 0.000277
285.500000 0.000277
285.600000 0.000277
285.700000 0.000278
285.800000 0.000278
285.900000 0.000278
286.000000 0.000278
286.100000 0.000278
286.200000 0.000278
286.300000 0.000278
286.400000 0.000278
286.500000 0.000279
286.600000 0.000279
286.700000 0.000279
286.800000 0.000279
286.900000 0.000279
287.000000 0.000279
287.100000 0.000279
287.200000 0.000279
287.300000 0.000279
287.400000 0.000279
287.500000 0.000279
287.600000 0.000279
287.700000 0.000278
287.800000 0.000278
287.900000 0.000278
288.000000 0.000278
288.100000 0.000278
288.200000 0.000278
288.300000 0.000278
288.400000 0.000278
288.500000 0.000277
288.600000 0.000277
288.700000 0.000277
288.800000 0.000277
288.900000 0.000277
289.000000 0.000276
289.100000 0.000276
289.200000 0.000276
289.300000 0.000276
289.400000 0.000276
289.500000 0.000275
289.600000 0.000275
289.700000 0.000275
289.800000 0.000275
289.900000 0.000274
290.000000 0.000274
290.100000 0.000274
290.200000 0.000274
290.300000 0.000274
290.400000 0.000274
290.500000 0.000273
290.600000 0.000273
290.700000 0.000273
290.800000 0.000273
290.900000 0.000273
291.000000 0.000273
291.100000 0.000273
291.200000 0.000272
291.300000 0.000272
291.400000 0.000272
291.500000 0.000272
291.600000 0.000272
291.700000 0.000272
291.800000 0.000272
291.900000 0.000272
292.000000 0.000272
292.100000 0.000272
292.200000 0.000272
292.300000 0.000272
292.400000 0.000272
292.500000 0.000272
292.600000 0.000272
292.700000 0.000273
292.800000 0.000273
292.900000 0.000273
293.000000 0.000273
293.100000 0.000273
293.200000 0.000273
293.300000 0.000273
293.400000 0.000273
293.500000 0.000274
293.600000 0.000274
293.700000 0.000274
293.800000 0.000274
293.900000 0.000274
294.000000 0.000274
294.100000 0.000275
294.200000 0.000275
294.300000 0.000275
294.400000 0.000275
294.500000 0.000275
294.600000 0.000276
294.700000 0.000276
294.800000 0.000276
294.900000 0.000276
295.000000 0.000276
295.100000 0.000277
295.200000 0.000277
295.300000 0.000277
295.400000 0.000277
295.500000 0.000277
295.600000 0.000277
295.700000 0.000277
295.800000 0.000278
295.900000 0.000278
296.000000 0.000278
296.100000 0.000278
296.200000 0.000278
296.300000 0.000278
296.400000 0.000278
296.500000 0.000278
296.600000 0.000278
296.700000 0.000278
296.800000 0.000278
296.900000 0.000278
297.000000 0.000278
297.100000 0.000278
297.200000 0.000278
297.300000 0.000278
297.400000 0.000278
297.500000 0.000278
297.600000 0.000278
297.700000 0.000278
297.800000 0.000278
297.900000 0.000278
298.000000 0.000278
298.100000 0.000278
298.200000 0.000278
298.300000 0.000278
298.400000 0.000277
298.500000 0.000277
298.600000 0.000277
298.700000 0.000277
298.800000 0.000277
298.900000 0.000277
299.000000 0.000276
299.100000 0.000276
299.200000 0.000276
299.300000 0.000276
299.400000 0.000276
299.500000 0.000275
299.600000 0.000275
299.700000 0.000275
299.800000 0.000275
299.900000 0.000275
300.000000 0.000274
300.100000 0.000274
300.200000 0.000274
300.300000 0.000274
300.400000 0.000274
300.500000 0.000274
300.600000 0.000273
300.700000 0.000273
300.800000 0.000273
300.900000 0.000273
301.000000 0.000273
301.100000 0.000273
301.200000 0.000273
301.300000 0.000273
301.400000 0.000273
301.500000 0.000273
301.600000 0.000273
301.700000 0.000273
301.800000 0.000273
301.900000 0.000273
302.000000 0.000273
302.100000 0.000273
302.200000 0.000273
302.300000 0.000273
302.400000 0.000273
302.500000 0.000273
302.600000 0.000273
302.700000 0.000273
302.800000 0.000273
302.900000 0.000273
303.000000 0.000273
303.100000 0.000273
303.200000 0.000273
303.300000 0.000274
303.400000 0.000274
303.500000 0.000274
303.600000 0.000274
303.700000 0.000274
303.800000 0.000274
303.900000 0.000274
304.000000 0.000275
304.100000 0.000275
304.200000 0.000275
304.300000 0.000275
304.400000 0.000275
304.500000 0.000275
304.600000 0.000276
304.700000 0.000276
304.800000 0.000276
304.900000 0.000276
305.000000 0.000276
305.100000 0.000276
305.200000 0.000277
305.300000 0.000277
305.400000 0.000277
305.500000 0.000277
305.600000 0.000277
305.700000 0.000277
305.800000 0.000277
305.900000 0.000278
306.000000 0.000278
306.100000 0.000278
306.200000 0.000278
306.300000 0.000278
306.400000 0.000278
306.500000 0.000278
306.600000 0.000278
306.700000 0.000278
306.800000 0.000278
306.900000 0.000278
307.000000 0.000278
307.100000 0.000278
307.200000 0.000278
307.300000 0.000278
307.400000 0.000278
307.500000 0.000278
307.600000 0.000278
307.700000 0.000278
307.800000 0.000278
307.900000 0.000278
308.000000 0.000278
308.100000 0.000278
308.200000 0.000278
308.300000 0.000277
308.400000 0.000277
308.500000 0.000277
308.600000 0.000277
308.700000 0.000277
308.800000 0.000277
308.900000 0.000277
309.000000 0.000276
309.100000 0.000276
309.200000 0.000276
309.300000 0.000276
309.400000 0.000276
309.500000 0.000275
309.600000 0.000275
309.700000 0.000275
309.800000 0.000275
309.900000 0.000275
310.000000 0.000275
310.100000 0.000274
310.200000 0.000274
310.300000 0.000274
310.400000 0.000274
310.500000 0.000274
310.600000 0.000274
310.700000 0.000274
310.800000 0.000273
310.900000 0.000273
311.000000 0.000273
311.100000 0.000273
311.200000 0.000273
311.300000 0.000273
311.400000 0.000273
311.500000 0.000273
311.600000 0.000273
311.700000 0.000273
311.800000 0.000273
311.900000 0.000273
312.000000 0.000273
312.100000 0.000273
312.200000 0.000273
312.300000 0.000273
312.400000 0.000273
312.500000 0.000273
312.600000 0.000273
312.700000 0.000273
312.800000 0.000273
312.900000 0.000273
313.000000 0.000273
313.100000 0.000274
313.200000 0.000274
313.300000 0.000274
313.400000 0.000274
313.500000 0.000274
313.600000 0.000274
313.700000 0.000274
313.800000 0.000274
313.900000 0.000275
314.000000 0.000275
314.100000 0.000275
314.200000 0.000275
314.300000 0.000275
314.400000 0.000275
314.500000 0.000276
314.600000 0.000276
314.700000 0.000276
314.800000 0.000276
314.900000 0.000276
315.000000 0.000276
315.100000 0.000276
315.200000 0.000277
315.300000 0.000277
315.400000 0.000277
315.500000 0.000277
315.600000 0.000277
315.700000 0.000277
315.800000 0.000277
315.900000 0.000277
316.000000 0.000278
316.100000 0.000278
316.200000 0.000278
316.300000 0.000278
316.400000 0.000278
316.500000 0.000278
316.600000 0.000278
316.700000 0.000278
316.800000 0.000278
316.900000 0.000278
317.000000 0.000278
317.100000 0.000278
317.200000 0.000278
317.300000 0.000278
317.400000 0.000278
317.500000 0.000278
317.600000 0.000278
317.700000 0.000278
317.800000 0.000278
317.900000 0.000278
318.000000 0.000278
318.100000 0.000277
318.200000 0.000277
318.300000 0.000277
318.400000 0.000277
318.500000 0.000277
318.600000 0.000277
318.700000 0.000277
318.800000 0.000277
318.900000 0.000276
319.000000 0.000276
319.100000 0.000276
319.200000 0.000276
319.300000 0.000276
319.400000 0.000276
319.500000 0.000276
319.600000 0.000275
319.700000 0.000275
319.800000 0.000275
319.900000 0.000275
320.000000 0.000275
320.100000 0.000275
320.200000 0.000274
320.300000 0.000274
320.400000 0.000274
320.500000 0.000274
320.600000 0.000274
320.700000 0.000274
320.800000 0.000274
320.900000 0.000274
321.000000 0.000274
321.100000 0.000273
321.200000 0.000273
321.300000 0.000273
321.400000 0.000273
321.500000 0.000273
321.600000 0.000273
321.700000 0.000273
321.800000 0.000273
321.900000 0.000273
322.000000 0.000273
322.100000 0.000273
322.200000 0.000273
322.300000 0.000273
322.400000 0.000273
322.500000 0.000273
322.600000 0.000273
322.700000 0.000273
322.800000 0.000274
322.900000 0.000274
323.000000 0.000274
323.100000 0.000274
323.200000 0.000274
323.300000 0.000274
323.400000 0.000274
323.500000 0.000274
323.600000 0.000274
323.700000 0.000274
323.800000 0.000275
323.900000 0.000275
324.000000 0.000275
324.100000 0.000275
324.200000 0.000275
324.300000 0.000275
324.400000 0.000275
324.500000 0.000276
324.600000 0.000276
324.700000 0.000276
324.800000 0.000276
324.900000 0.000276
325.000000 0.000276
325.100000 0.000276
325.200000 0.000277
325.300000 0.000277
325.400000 0.000277
325.500000 0.000277
325.600000 0.000277
325.700000 0.000277
325.800000 0.000277
325.900000 0.000277
326.000000 0.000277
326.100000 0.000277
326.200000 0.000278
326.300000 0.000278
326.400000 0.000278
326.500000 0.000278
326.600000 0.000278
326.700000 0.000278
326.800000 0.000278
326.900000 0.000278
327.000000 0.000278
327.100000 0.000278
327.200000 0.000278
327.300000 0.000278
327.400000 0.000278
327.500000 0.000278
327.600000 0.000278
327.700000 0.000278
327.800000 0.000278
327.900000 0.000277
328.000000 0.000277
328.100000 0.000277
328.200000 0.000277
328.300000 0.000277
328.400000 0.000277
328.500000 0.000277
328.600000 0.000277
328.700000 0.000277
328.800000 0.000277
328.900000 0.000276
329.000000 0.000276
329.100000 0.000276
329.200000 0.000276
329.300000 0.000276
329.400000 0.000276
329.500000 0.000276
329.600000 0.000275
329.700000 0.000275
329.800000 0.000275
329.900000 0.000275
330.000000 0.000275
330.100000 0.000275
330.200000 0.000275
330.300000 0.000274
330.400000 0.000274
330.500000 0.000274
330.600000 0.000274
330.700000 0.000274
330.800000 0.000274
330.900000 0.000274
331.000000 0.000274
331.100000 0.000274
331.200000 0.000274
331.300000 0.000274
331.400000 0.000274
331.500000 0.000273
331.600000 0.000273
331.700000 0.000273
331.800000 0.000273
331.900000 0.000273
332.000000 0.000273
332.100000 0.000273
332.200000 0.000273
332.300000 0.000273
332.400000 0.000274
332.500000 0.000274
332.600000 0.000274
332.700000 0.000274
332.800000 0.000274
332.900000 0.000274
333.000000 0.000274
333.100000 0.000274
333.200000 0.000274
333.300000 0.000274
333.400000 0.000274
333.500000 0.000274
333.600000 0.000274
333.700000 0.000275
333.800000 0.000275
333.900000 0.000275
334.000000 0.000275
334.100000 0.000275
334.200000 0.000275
334.300000 0.000275
334.400000 0.000275
334.500000 0.000276
334.600000 0.000276
334.700000 0.000276
334.800000 0.000276
334.900000 0.000276
335.000000 0.000276
335.100000 0.000276
335.200000 0.000276
335.300000 0.000277
335.400000 0.000277
335.500000 0.000277
335.600000 0.000277
335.700000 0.000277
335.800000 0.000277
335.900000 0.000277
336.000000 0.000277
336.100000 0.000277
336.200000 0.000277
336.300000 0.000277
336.400000 0.000278
336.500000 0.000278
336.600000 0.000278
336.700000 0.000278
336.800000 0.000278
336.900000 0.000278
337.000000 0.000278
337.100000 0.000278
337.200000 0.000278
337.300000 0.000278
337.400000 0.000278
337.500000 0.000278
337.600000 0.000278
337.700000 0.000277
337.800000 0.000277
337.900000 0.000277
338.000000 0.000277
338.100000 0.000277
338.200000 0.000277
338.300000 0.000277
338.400000 0.000277
338.500000 0.000277
338.600000 0.000277
338.700000 0.000277
338.800000 0.000276
338.900000 0.000276
339.000000 0.000276
339.100000 0.000276
339.200000 0.000276
339.300000 0.000276
339.400000 0.000276
339.500000 0.000276
339.600000 0.000275
339.700000 0.000275
339.800000 0.000275
339.900000 0.000275
340.000000 0.000275
340.100000 0.000275
340.200000 0.000275
340.300000 0.000275
340.400000 0.000275
340.500000 0.000274
340.600000 0.000274
340.700000 0.000274
340.800000 0.000274
340.900000 0.000274
341.000000 0.000274
341.100000 0.000274
341.200000 0.000274
341.300000 0.000274
341.400000 0.000274
341.500000 0.000274
341.600000 0.000274
341.700000 0.000274
341.800000 0.000274
341.900000 0.000274
342.000000 0.000274
342.100000 0.000274
342.200000 0.000274
342.300000 0.000274
342.400000 0.000274
342.500000 0.000274
342.600000 0.000274
342.700000 0.000274
342.800000 0.000274
342.900000 0.000274
343.000000 0.000274
343.100000 0.000274
343.200000 0.000274
343.300000 0.000274
343.400000 0.000274
343.500000 0.000275
343.600000 0.000275
343.700000 0.000275
343.800000 0.000275
343.900000 0.000275
344.000000 0.000275
344.100000 0.000275
344.200000 0.000275
344.300000 0.000275
344.400000 0.000276
344.500000 0.000276
344.600000 0.000276
344.700000 0.000276
344.800000 0.000276
344.900000 0.000276
345.000000 0.000276
345.100000 0.000276
345.200000 0.000276
345.300000 0.000277
345.400000 0.000277
345.500000 0.000277
345.600000 0.000277
345.700000 0.000277
345.800000 0.000277
345.900000 0.000277
346.000000 0.000277
346.100000 0.000277
346.200000 0.000277
346.300000 0.000277
346.400000 0.000277
346.500000 0.000277
346.600000 0.000277
346.700000 0.000277
346.800000 0.000277
346.900000 0.000277
347.000000 0.000278
347.100000 0.000278
347.200000 0.000277
347.300000 0.000277
347.400000 0.000277
347.500000 0.000277
347.600000 0.000277
347.700000 0.000277
347.800000 0.000277
347.900000 0.000277
348.000000 0.000277
348.100000 0.000277
348.200000 0.000277
348.300000 0.000277
348.400000 0.000277
348.500000 0.000277
348.600000 0.000277
348.700000 0.000277
348.800000 0.000276
348.900000 0.000276
349.000000 0.000276
349.100000 0.000276
349.200000 0.000276
349.300000 0.000276
349.400000 0.000276
349.500000 0.000276
349.600000 0.000276
349.700000 0.000275
349.800000 0.000275
349.900000 0.000275
350.000000 0.000275
350.100000 0.000275
350.200000 0.000275
350.300000 0.000275
350.400000 0.000275
350.500000 0.000275
350.600000 0.000274
350.700000 0.000274
350.800000 0.000274
350.900000 0.000274
351.000000 0.000274
351.100000 0.000274
351.200000 0.000274
351.300000 0.000274
351.400000 0.000274
351.500000 0.000274
351.600000 0.000274
351.700000 0.000274
351.800000 0.000274
351.900000 0.000274
352.000000 0.000274
352.100000 0.000274
352.200000 0.000274
352.300000 0.000274
352.400000 0.000274
352.500000 0.000274
352.600000 0.000274
352.700000 0.000274
352.800000 0.000274
352.900000 0.000274
353.000000 0.000274
353.100000 0.000274
353.200000 0.000274
353.300000 0.000275
353.400000 0.000275
353.500000 0.000275
353.600000 0.000275
353.700000 0.000275
353.800000 0.000275
353.900000 0.000275
354.000000 0.000275
354.100000 0.000275
354.200000 0.000275
354.300000 0.000275
354.400000 0.000276
354.500000 0.000276
354.600000 0.000276
354.700000 0.000276
354.800000 0.000276
354.900000 0.000276
355.000000 0.000276
355.100000 0.000276
355.200000 0.000276
355.300000 0.000276
355.400000 0.000277
355.500000 0.000277
355.600000 0.000277
355.700000 0.000277
355.800000 0.000277
355.900000 0.000277
356.000000 0.000277
356.100000 0.000277
356.200000 0.000277
356.300000 0.000277
356.400000 0.000277
356.500000 0.000277
356.600000 0.000277
356.700000 0.000277
356.800000 0.000277
356.900000 0.000277
357.000000 0.000277
357.100000 0.000277
357.200000 0.000277
357.300000 0.000277
357.400000 0.000277
357.500000 0.000277
357.600000 0.000277
357.700000 0.000277
357.800000 0.000277
357.900000 0.000277
358.000000 0.000277
358.100000 0.000277
358.200000 0.000277
358.300000 0.000277
358.400000 0.000277
358.500000 0.000277
358.600000 0.000277
358.700000 0.000276
358.800000 0.000276
358.900000 0.000276
359.000000 0.000276
359.100000 0.000276
359.200000 0.000276
359.300000 0.000276
359.400000 0.000276
359.500000 0.000276
359.600000 0.000276
359.700000 0.000275
359.800000 0.000275
359.900000 0.000275
360.000000 0.000275
360.100000 0.000275
360.200000 0.000275
360.300000 0.000275
360.400000 0.000275
360.500000 0.000275
360.600000 0.000275
360.700000 0.000275
360.800000 0.000274
360.900000 0.000274
361.000000 0.000274
361.100000 0.000274
361.200000 0.000274
361.300000 0.000274
361.400000 0.000274
361.500000 0.000274
361.600000 0.000274
361.700000 0.000274
361.800000 0.000274
361.900000 0.000274
362.000000 0.000274
362.100000 0.000274
362.200000 0.000274
362.300000 0.000274
362.400000 0.000274
362.500000 0.000274
362.600000 0.000274
362.700000 0.000274
362.800000 0.000274
362.900000 0.000274
363.000000 0.000274
363.100000 0.000275
363.200000 0.000275
363.300000 0.000275
363.400000 0.000275
363.500000 0.000275
363.600000 0.000275
363.700000 0.000275
363.800000 0.000275
363.900000 0.000275
364.000000 0.000275
364.100000 0.000275
364.200000 0.000275
364.300000 0.000276
364.400000 0.000276
364.500000 0.000276
364.600000 0.000276
364.700000 0.000276
364.800000 0.000276
364.900000 0.000276
365.000000 0.000276
365.100000 0.000276
365.200000 0.000276
365.300000 0.000276
365.400000 0.000277
365.500000 0.000277
365.600000 0.000277
365.700000 0.000277
365.800000 0.000277
365.900000 0.000277
366.000000 0.000277
366.100000 0.000277
366.200000 0.000277
366.300000 0.000277
366.400000 0.000277
366.500000 0.000277
366.600000 0.000277
366.700000 0.000277
366.800000 0.000277
366.900000 0.000277
367.000000 0.000277
367.100000 0.000277
367.200000 0.000277
367.300000 0.000277
367.400000 0.000277
367.500000 0.000277
367.600000 0.000277
367.700000 0.000277
367.800000 0.000277
367.900000 0.000277
368.000000 0.000277
368.100000 0.000277
368.200000 0.000277
368.300000 0.000277
368.400000 0.000277
368.500000 0.000277
368.600000 0.000277
368.700000 0.000276
368.800000 0.000276
368.900000 0.000276
369.000000 0.000276
369.100000 0.000276
369.200000 0.000276
369.300000 0.000276
369.400000 0.000276
369.500000 0.000276
369.600000 0.000276
369.700000 0.000276
369.800000 0.000275
369.900000 0.000275
370.000000 0.000275
370.100000 0.000275
370.200000 0.000275
370.300000 0.000275
370.400000 0.000275
370.500000 0.000275
370.600000 0.000275
370.700000 0.000275
370.800000 0.000275
370.900000 0.000275
371.000000 0.000275
371.100000 0.000274
371.200000 0.000274
371.300000 0.000274
371.400000 0.000274
371.500000 0.000274
371.600000 0.000274
371.700000 0.000274
371.800000 0.000274
371.900000 0.000274
372.000000 0.000274
372.100000 0.000274
372.200000 0.000274
372.300000 0.000274
372.400000 0.000274
372.500000 0.000274
372.600000 0.000274
372.700000 0.000274
372.800000 0.000274
372.900000 0.000275
373.000000 0.000275
373.100000 0.000275
373.200000 0.000275
373.300000 0.000275
373.400000 0.000275
373.500000 0.000275
373.600000 0.000275
373.700000 0.000275
373.800000 0.000275
373.900000 0.000275
374.000000 0.000275
374.100000 0.000275
374.200000 0.000275
374.300000 0.000276
374.400000 0.000276
374.500000 0.000276
374.600000 0.000276
374.700000 0.000276
374.800000 0.000276
374.900000 0.000276
375.000000 0.000276
375.100000 0.000276
375.200000 0.000276
375.300000 0.000276
375.400000 0.000276
375.500000 0.000277
375.600000 0.000277
375.700000 0.000277
375.800000 0.000277
375.900000 0.000277
376.000000 0.000277
376.100000 0.000277
376.200000 0.000277
376.300000 0.000277
376.400000 0.000277
376.500000 0.000277
376.600000 0.000277
376.700000 0.000277
376.800000 0.000277
376.900000 0.000277
377.000000 0.000277
377.100000 0.000277
377.200000 0.000277
377.300000 0.000277
377.400000 0.000277
377.500000 0.000277
377.600000 0.000277
377.700000 0.000277
377.800000 0.000277
377.900000 0.000277
378.000000 0.000277
378.100000 0.000277
378.200000 0.000277
378.300000 0.000277
378.400000 0.000277
378.500000 0.000277
378.600000 0.000276
378.700000 0.000276
378.800000 0.000276
378.900000 0.000276
379.000000 0.000276
379.100000 0.000276
379.200000 0.000276
379.300000 0.000276
379.400000 0.000276
379.500000 0.000276
379.600000 0.000276
379.700000 0.000276
379.800000 0.000275
379.900000 0.000275
380.000000 0.000275
380.100000 0.000275
380.200000 0.000275
380.300000 0.000275
380.400000 0.000275
380.500000 0.000275
380.600000 0.000275
380.700000 0.000275
380.800000 0.000275
380.900000 0.000275
381.000000 0.000275
381.100000 0.000275
381.200000 0.000275
381.300000 0.000275
381.400000 0.000275
381.500000 0.000274
381.600000 0.000274
381.700000 0.000274
381.800000 0.000274
381.900000 0.000274
382.000000 0.000274
382.100000 0.000274
382.200000 0.000274
382.300000 0.000274
382.400000 0.000274
382.500000 0.000275
382.600000 0.000275
382.700000 0.000275
382.800000 0.000275
382.900000 0.000275
383.000000 0.000275
383.100000 0.000275
383.200000 0.000275
383.300000 0.000275
383.400000 0.000275
383.500000 0.000275
383.600000 0.000275
383.700000 0.000275
383.800000 0.000275
383.900000 0.000275
384.000000 0.000275
384.100000 0.000275
384.200000 0.000276
384.300000 0.000276
384.400000 0.000276
384.500000 0.000276
384.600000 0.000276
384.700000 0.000276
384.800000 0.000276
384.900000 0.000276
385.000000 0.000276
385.100000 0.000276
385.200000 0.000276
385.300000 0.000276
385.400000 0.000276
385.500000 0.000277
385.600000 0.000277
385.700000 0.000277
385.800000 0.000277
385.900000 0.000277
386.000000 0.000277
386.100000 0.000277
386.200000 0.000277
386.300000 0.000277
386.400000 0.000277
386.500000 0.000277
386.600000 0.000277
386.700000 0.000277
386.800000 0.000277
386.900000 0.000277
387.000000 0.000277
387.100000 0.000277
387.200000 0.000277
387.300000 0.000277
387.400000 0.000277
387.500000 0.000277
387.600000 0.000277
387.700000 0.000277
387.800000 0.000277
387.900000 0.000277
388.000000 0.000277
388.100000 0.000277
388.200000 0.000277
388.300000 0.000277
388.400000 0.000277
388.500000 0.000276
388.600000 0.000276
388.700000 0.000276
388.800000 0.000276
388.900000 0.000276
389.000000 0.000276
389.100000 0.000276
389.200000 0.000276
389.300000 0.000276
389.400000 0.000276
389.500000 0.000276
389.600000 0.000276
389.700000 0.000276
389.800000 0.000276
389.900000 0.000275
390.000000 0.000275
390.100000 0.000275
390.200000 0.000275
390.300000 0.000275
390.400000 0.000275
390.500000 0.000275
390.600000 0.000275
390.700000 0.000275
390.800000 0.000275
390.900000 0.000275
391.000000 0.000275
391.100000 0.000275
391.200000 0.000275
391.300000 0.000275
391.400000 0.000275
391.500000 0.000275
391.600000 0.000275
391.700000 0.000275
391.800000 0.000275
391.900000 0.000275
392.000000 0.000275
392.100000 0.000275
392.200000 0.000275
392.300000 0.000275
392.400000 0.000275
392.500000 0.000275
392.600000 0.000275
392.700000 0.000275
392.800000 0.000275
392.900000 0.000275
393.000000 0.000275
393.100000 0.000275
393.200000 0.000275
393.300000 0.000275
393.400000 0.000275
393.500000 0.000275
393.600000 0.000275
393.700000 0.000275
393.800000 0.000275
393.900000 0.000275
394.000000 0.000275
394.100000 0.000276
394.200000 0.000276
394.300000 0.000276
394.400000 0.000276
394.500000 0.000276
394.600000 0.000276
394.700000 0.000276
394.800000 0.000276
394.900000 0.000276
395.000000 0.000276
395.100000 0.000276
395.200000 0.000276
395.300000 0.000276
395.400000 0.000276
395.500000 0.000276
395.600000 0.000277
395.700000 0.000277
395.800000 0.000277
395.900000 0.000277
396.000000 0.000277
396.100000 0.000277
396.200000 0.000277
396.300000 0.000277
396.400000 0.000277
396.500000 0.000277
396.600000 0.000277
396.700000 0.000277
396.800000 0.000277
396.900000 0.000277
397.000000 0.000277
397.100000 0.000277
397.200000 0.000277
397.300000 0.000277
397.400000 0.000277
397.500000 0.000277
397.600000 0.000277
397.700000 0.000277
397.800000 0.000277
397.900000 0.000277
398.000000 0.000277
398.100000 0.000277
398.200000 0.000277
398.300000 0.000277
398.400000 0.000277
398.500000 0.000276
398.600000 0.000276
398.700000 0.000276
398.800000 0.000276
398.900000 0.000276
399.000000 0.000276
399.100000 0.000276
399.200000 0.000276
399.300000 0.000276
399.400000 0.000276
399.500000 0.000276
399.600000 0.000276
399.700000 0.000276
399.800000 0.000276
399.900000 0.000276
400.000000 0.000275
400.100000 0.000275
400.200000 0.000275
400.300000 0.000275
400.400000 0.000275
400.500000 0.000275
400.600000 0.000275
400.700000 0.000275
400.800000 0.000275
400.900000 0.000275
401.000000 0.000275
401.100000 0.000275
401.200000 0.000275
401.300000 0.000275
401.400000 0.000275
401.500000 0.000275
401.600000 0.000275
401.700000 0.000275
401.800000 0.000275
401.900000 0.000275
402.000000 0.000275
402.100000 0.000275
402.200000 0.000275
402.300000 0.000275
402.400000 0.000275
402.500000 0.000275
402.600000 0.000275
402.700000 0.000275
402.800000 0.000275
402.900000 0.000275
403.000000 0.000275
403.100000 0.000275
403.200000 0.000275
403.300000 0.000275
403.400000 0.000275
403.500000 0.000275
403.600000 0.000275
403.700000 0.000275
403.800000 0.000275
403.900000 0.000275
404.000000 0.000275
404.100000 0.000276
404.200000 0.000276
404.300000 0.000276
404.400000 0.000276
404.500000 0.000276
404.600000 0.000276
404.700000 0.000276
404.800000 0.000276
404.900000 0.000276
405.000000 0.000276
405.100000 0.000276
405.200000 0.000276
405.300000 0.000276
405.400000 0.000276
405.500000 0.000276
405.600000 0.000276
405.700000 0.000277
405.800000 0.000277
405.900000 0.000277
406.000000 0.000277
406.100000 0.000277
406.200000 0.000277
406.300000 0.000277
406.400000 0.000277
406.500000 0.000277
406.600000 0.000277
406.700000 0.000277
406.800000 0.000277
406.900000 0.000277
407.000000 0.000277
407.100000 0.000277
407.200000 0.000277
407.300000 0.000277
407.400000 0.000277
407.500000 0.000277
407.600000 0.000277
407.700000 0.000277
407.800000 0.000277
407.900000 0.000277
408.000000 0.000277
408.100000 0.000277
408.200000 0.000277
408.300000 0.000277
408.400000 0.000276
408.500000 0.000276
408.600000 0.000276
408.700000 0.000276
408.800000 0.000276
408.900000 0.000276
409.000000 0.000276
409.100000 0.000276
409.200000 0.000276
409.300000 0.000276
409.400000 0.000276
409.500000 0.000276
409.600000 0.000276
409.700000 0.000276
409.800000 0.000276
409.900000 0.000276
410.000000 0.000275
410.100000 0.000275
410.200000 0.000275
410.300000 0.000275
410.400000 0.000275
410.500000 0.000275
410.600000 0.000275
410.700000 0.000275
410.800000 0.000275
410.900000 0.000275
411.000000 0.000275
411.100000 0.000275
411.200000 0.000275
411.300000 0.000275
411.400000 0.000275
411.500000 0.000275
411.600000 0.000275
411.700000 0.000275
411.800000 0.000275
411.900000 0.000275
412.000000 0.000275
412.100000 0.000275
412.200000 0.000275
412.300000 0.000275
412.400000 0.000275
412.500000 0.000275
412.600000 0.000275
412.700000 0.000275
412.800000 0.000275
412.900000 0.000275
413.000000 0.000275
413.100000 0.000275
413.200000 0.000275
413.300000 0.000275
413.400000 0.000275
413.500000 0.000275
413.600000 0.000275
413.700000 0.000275
413.800000 0.000275
413.900000 0.000275
414.000000 0.000276
414.100000 0.000276
414.200000 0.000276
414.300000 0.000276
