Graphic of V norm for Mu=0.100 C=1.000 Gamma=1.000
0.000000 0.026631
0.100000 0.314299
0.200000 0.341588
0.300000 0.346428
0.400000 0.347223
0.500000 0.347228
0.600000 0.346568
0.700000 0.345476
0.800000 0.344024
0.900000 0.342224
1.000000 0.340121
1.100000 0.337761
1.200000 0.335195
1.300000 0.332468
1.400000 0.329620
1.500000 0.326687
1.600000 0.323695
1.700000 0.320669
1.800000 0.317626
1.900000 0.314583
2.000000 0.311550
2.100000 0.308537
2.200000 0.305550
2.300000 0.302608
2.400000 0.299708
2.500000 0.296848
2.600000 0.294028
2.700000 0.291268
2.800000 0.288557
2.900000 0.285889
3.000000 0.283281
3.100000 0.280723
3.200000 0.278201
3.300000 0.275719
3.400000 0.273155
3.500000 0.270211
3.600000 0.265995
3.700000 0.258679
3.800000 0.245918
3.900000 0.226446
4.000000 0.201139
4.100000 0.172189
4.200000 0.141782
4.300000 0.111569
4.400000 0.082843
4.500000 0.056734
4.600000 0.067686
4.700000 0.093570
4.800000 0.118143
4.900000 0.140736
5.000000 0.160923
5.100000 0.178378
5.200000 0.192940
5.300000 0.204585
5.400000 0.213428
5.500000 0.219712
5.600000 0.223777
5.700000 0.226023
5.800000 0.226877
5.900000 0.226749
6.000000 0.225983
6.100000 0.224862
6.200000 0.223555
6.300000 0.222174
6.400000 0.220775
6.500000 0.219388
6.600000 0.218024
6.700000 0.216682
6.800000 0.215365
6.900000 0.214071
7.000000 0.212800
7.100000 0.211551
7.200000 0.210327
7.300000 0.209124
7.400000 0.207939
7.500000 0.206769
7.600000 0.205604
7.700000 0.204419
7.800000 0.203148
7.900000 0.201647
8.000000 0.199611
8.100000 0.196517
8.200000 0.191644
8.300000 0.184310
8.400000 0.174200
8.500000 0.161549
8.600000 0.147005
8.700000 0.131345
8.800000 0.115234
8.900000 0.099172
9.000000 0.083526
9.100000 0.068573
9.200000 0.054550
9.300000 0.041682
9.400000 0.052658
9.500000 0.066671
9.600000 0.080199
9.700000 0.093075
9.800000 0.105177
9.900000 0.116403
10.000000 0.126670
10.100000 0.135916
10.200000 0.144099
10.300000 0.151200
10.400000 0.157221
10.500000 0.162196
10.600000 0.166177
10.700000 0.169238
10.800000 0.171472
10.900000 0.172989
11.000000 0.173904
11.100000 0.174332
11.200000 0.174386
11.300000 0.174164
11.400000 0.173754
11.500000 0.173215
11.600000 0.172603
11.700000 0.171947
11.800000 0.171270
11.900000 0.170585
12.000000 0.169898
12.100000 0.169207
12.200000 0.168501
12.300000 0.167753
12.400000 0.166912
12.500000 0.165874
12.600000 0.164464
12.700000 0.162420
12.800000 0.159411
12.900000 0.155114
13.000000 0.149321
13.100000 0.142014
13.200000 0.133381
13.300000 0.123731
13.400000 0.113417
13.500000 0.102755
13.600000 0.092000
13.700000 0.081345
13.800000 0.070936
13.900000 0.060893
14.000000 0.051317
14.100000 0.042304
14.200000 0.034432
14.300000 0.044089
14.400000 0.053610
14.500000 0.062891
14.600000 0.071846
14.700000 0.080421
14.800000 0.088559
14.900000 0.096220
15.000000 0.103367
15.100000 0.109972
15.200000 0.116009
15.300000 0.121463
15.400000 0.126324
15.500000 0.130592
15.600000 0.134280
15.700000 0.137402
15.800000 0.139986
15.900000 0.142069
16.000000 0.143692
16.100000 0.144902
16.200000 0.145750
16.300000 0.146292
16.400000 0.146575
16.500000 0.146653
16.600000 0.146568
16.700000 0.146355
16.800000 0.146043
16.900000 0.145645
17.000000 0.145153
17.100000 0.144540
17.200000 0.143739
17.300000 0.142646
17.400000 0.141105
17.500000 0.138936
17.600000 0.135956
17.700000 0.132034
17.800000 0.127126
17.900000 0.121285
18.000000 0.114649
18.100000 0.107404
18.200000 0.099744
18.300000 0.091840
18.400000 0.083843
18.500000 0.075865
18.600000 0.067999
18.700000 0.060318
18.800000 0.052883
18.900000 0.045748
19.000000 0.038966
19.100000 0.032587
19.200000 0.034568
19.300000 0.041809
19.400000 0.048937
19.500000 0.055896
19.600000 0.062645
19.700000 0.069149
19.800000 0.075382
19.900000 0.081317
20.000000 0.086931
20.100000 0.092208
20.200000 0.097129
20.300000 0.101682
20.400000 0.105858
20.500000 0.109652
20.600000 0.113060
20.700000 0.116087
20.800000 0.118739
20.900000 0.121025
21.000000 0.122966
21.100000 0.124576
21.200000 0.125879
21.300000 0.126901
21.400000 0.127666
21.500000 0.128199
21.600000 0.128519
21.700000 0.128640
21.800000 0.128562
21.900000 0.128268
22.000000 0.127718
22.100000 0.126843
22.200000 0.125550
22.300000 0.123735
22.400000 0.121298
22.500000 0.118173
22.600000 0.114340
22.700000 0.109836
22.800000 0.104742
22.900000 0.099171
23.000000 0.093243
23.100000 0.087078
23.200000 0.080778
23.300000 0.074429
23.400000 0.068100
23.500000 0.061848
23.600000 0.055719
23.700000 0.049752
23.800000 0.043983
23.900000 0.038444
24.000000 0.033166
24.100000 0.028180
24.200000 0.031964
24.300000 0.037756
24.400000 0.043469
24.500000 0.049066
24.600000 0.054522
24.700000 0.059812
24.800000 0.064918
24.900000 0.069823
25.000000 0.074512
25.100000 0.078971
25.200000 0.083188
25.300000 0.087153
25.400000 0.090858
25.500000 0.094296
25.600000 0.097460
25.700000 0.100350
25.800000 0.102964
25.900000 0.105305
26.000000 0.107376
26.100000 0.109181
26.200000 0.110729
26.300000 0.112025
26.400000 0.113072
26.500000 0.113874
26.600000 0.114422
26.700000 0.114703
26.800000 0.114689
26.900000 0.114339
27.000000 0.113597
27.100000 0.112404
27.200000 0.110701
27.300000 0.108449
27.400000 0.105631
27.500000 0.102264
27.600000 0.098395
27.700000 0.094096
27.800000 0.089446
27.900000 0.084534
28.000000 0.079441
28.100000 0.074237
28.200000 0.068983
28.300000 0.063730
28.400000 0.058517
28.500000 0.053380
28.600000 0.048345
28.700000 0.043440
28.800000 0.038687
28.900000 0.034106
29.000000 0.029720
29.100000 0.025548
29.200000 0.028624
29.300000 0.033455
29.400000 0.038233
29.500000 0.042934
29.600000 0.047535
29.700000 0.052021
29.800000 0.056378
29.900000 0.060592
30.000000 0.064651
30.100000 0.068546
30.200000 0.072267
30.300000 0.075806
30.400000 0.079155
30.500000 0.082307
30.600000 0.085256
30.700000 0.087998
30.800000 0.090528
30.900000 0.092844
31.000000 0.094939
31.100000 0.096813
31.200000 0.098459
31.300000 0.099869
31.400000 0.101032
31.500000 0.101931
31.600000 0.102543
31.700000 0.102835
31.800000 0.102770
31.900000 0.102306
32.000000 0.101405
32.100000 0.100032
32.200000 0.098174
32.300000 0.095830
32.400000 0.093026
32.500000 0.089803
32.600000 0.086219
32.700000 0.082335
32.800000 0.078220
32.900000 0.073936
33.000000 0.069538
33.100000 0.065074
33.200000 0.060586
33.300000 0.056107
33.400000 0.051665
33.500000 0.047283
33.600000 0.042982
33.700000 0.038781
33.800000 0.034694
33.900000 0.030738
34.000000 0.026927
34.100000 0.023277
34.200000 0.025204
34.300000 0.029349
34.400000 0.033462
34.500000 0.037523
34.600000 0.041515
34.700000 0.045425
34.800000 0.049240
34.900000 0.052952
35.000000 0.056549
35.100000 0.060024
35.200000 0.063369
35.300000 0.066576
35.400000 0.069639
35.500000 0.072551
35.600000 0.075305
35.700000 0.077895
35.800000 0.080314
35.900000 0.082553
36.000000 0.084605
36.100000 0.086458
36.200000 0.088098
36.300000 0.089509
36.400000 0.090668
36.500000 0.091549
36.600000 0.092122
36.700000 0.092352
36.800000 0.092207
36.900000 0.091658
37.000000 0.090682
37.100000 0.089272
37.200000 0.087433
37.300000 0.085185
37.400000 0.082563
37.500000 0.079611
37.600000 0.076380
37.700000 0.072923
37.800000 0.069291
37.900000 0.065532
38.000000 0.061686
38.100000 0.057792
38.200000 0.053878
38.300000 0.049970
38.400000 0.046089
38.500000 0.042254
38.600000 0.038480
38.700000 0.034781
38.800000 0.031171
38.900000 0.027659
39.000000 0.024260
39.100000 0.020984
39.200000 0.021955
39.300000 0.025582
39.400000 0.029193
39.500000 0.032772
39.600000 0.036303
39.700000 0.039775
39.800000 0.043177
39.900000 0.046502
40.000000 0.049740
40.100000 0.052885
40.200000 0.055928
40.300000 0.058865
40.400000 0.061687
40.500000 0.064387
40.600000 0.066959
40.700000 0.069394
40.800000 0.071682
40.900000 0.073812
41.000000 0.075773
41.100000 0.077547
41.200000 0.079115
41.300000 0.080456
41.400000 0.081544
41.500000 0.082349
41.600000 0.082844
41.700000 0.082999
41.800000 0.082791
41.900000 0.082202
42.000000 0.081225
42.100000 0.079862
42.200000 0.078129
42.300000 0.076050
42.400000 0.073660
42.500000 0.070998
42.600000 0.068107
42.700000 0.065032
42.800000 0.061811
42.900000 0.058484
43.000000 0.055084
43.100000 0.051638
43.200000 0.048172
43.300000 0.044706
43.400000 0.041257
43.500000 0.037841
43.600000 0.034470
43.700000 0.031157
43.800000 0.027911
43.900000 0.024743
44.000000 0.021663
44.100000 0.018682
44.200000 0.018978
44.300000 0.022197
44.400000 0.025414
44.500000 0.028612
44.600000 0.031779
44.700000 0.034904
44.800000 0.037977
44.900000 0.040990
45.000000 0.043937
45.100000 0.046810
45.200000 0.049602
45.300000 0.052307
45.400000 0.054917
45.500000 0.057425
45.600000 0.059823
45.700000 0.062101
45.800000 0.064247
45.900000 0.066248
46.000000 0.068088
46.100000 0.069749
46.200000 0.071210
46.300000 0.072447
46.400000 0.073435
46.500000 0.074148
46.600000 0.074561
46.700000 0.074654
46.800000 0.074410
46.900000 0.073820
47.000000 0.072884
47.100000 0.071610
47.200000 0.070016
47.300000 0.068125
47.400000 0.065968
47.500000 0.063580
47.600000 0.060996
47.700000 0.058251
47.800000 0.055379
47.900000 0.052412
48.000000 0.049376
48.100000 0.046295
48.200000 0.043191
48.300000 0.040080
48.400000 0.036978
48.500000 0.033898
48.600000 0.030851
48.700000 0.027848
48.800000 0.024898
48.900000 0.022010
49.000000 0.019195
49.100000 0.016462
49.200000 0.016310
49.300000 0.019197
49.400000 0.022092
49.500000 0.024980
49.600000 0.027849
49.700000 0.030688
49.800000 0.033489
49.900000 0.036244
50.000000 0.038945
50.100000 0.041587
50.200000 0.044162
50.300000 0.046663
50.400000 0.049082
50.500000 0.051412
50.600000 0.053643
50.700000 0.055764
50.800000 0.057762
50.900000 0.059623
51.000000 0.061329
51.100000 0.062862
51.200000 0.064201
51.300000 0.065324
51.400000 0.066208
51.500000 0.066831
51.600000 0.067174
51.700000 0.067222
51.800000 0.066965
51.900000 0.066398
52.000000 0.065526
52.100000 0.064357
52.200000 0.062908
52.300000 0.061202
52.400000 0.059264
52.500000 0.057123
52.600000 0.054808
52.700000 0.052350
52.800000 0.049775
52.900000 0.047111
53.000000 0.044381
53.100000 0.041605
53.200000 0.038801
53.300000 0.035985
53.400000 0.033171
53.500000 0.030370
53.600000 0.027593
53.700000 0.024849
53.800000 0.022147
53.900000 0.019498
54.000000 0.016910
54.100000 0.014393
54.200000 0.013955
54.300000 0.016563
54.400000 0.019188
54.500000 0.021816
54.600000 0.024435
54.700000 0.027033
54.800000 0.029602
54.900000 0.032136
55.000000 0.034625
55.100000 0.037065
55.200000 0.039447
55.300000 0.041764
55.400000 0.044009
55.500000 0.046171
55.600000 0.048242
55.700000 0.050209
55.800000 0.052059
55.900000 0.053777
56.000000 0.055346
56.100000 0.056749
56.200000 0.057965
56.300000 0.058976
56.400000 0.059762
56.500000 0.060306
56.600000 0.060593
56.700000 0.060612
56.800000 0.060357
56.900000 0.059826
57.000000 0.059026
57.100000 0.057964
57.200000 0.056657
57.300000 0.055122
57.400000 0.053382
57.500000 0.051461
57.600000 0.049383
57.700000 0.047173
57.800000 0.044855
57.900000 0.042452
58.000000 0.039983
58.100000 0.037466
58.200000 0.034918
58.300000 0.032353
58.400000 0.029784
58.500000 0.027221
58.600000 0.024674
58.700000 0.022153
58.800000 0.019668
58.900000 0.017226
59.000000 0.014838
59.100000 0.012515
59.200000 0.011899
59.300000 0.014267
59.400000 0.016662
59.500000 0.019066
59.600000 0.021468
59.700000 0.023858
59.800000 0.026226
59.900000 0.028565
60.000000 0.030868
60.100000 0.033127
60.200000 0.035335
60.300000 0.037484
60.400000 0.039566
60.500000 0.041571
60.600000 0.043489
60.700000 0.045307
60.800000 0.047013
60.900000 0.048592
61.000000 0.050029
61.100000 0.051305
61.200000 0.052406
61.300000 0.053313
61.400000 0.054011
61.500000 0.054488
61.600000 0.054730
61.700000 0.054731
61.800000 0.054488
61.900000 0.054000
62.000000 0.053272
62.100000 0.052313
62.200000 0.051137
62.300000 0.049758
62.400000 0.048195
62.500000 0.046469
62.600000 0.044599
62.700000 0.042607
62.800000 0.040513
62.900000 0.038336
63.000000 0.036094
63.100000 0.033802
63.200000 0.031477
63.300000 0.029130
63.400000 0.026773
63.500000 0.024418
63.600000 0.022073
63.700000 0.019748
63.800000 0.017453
63.900000 0.015196
64.000000 0.012988
64.100000 0.010842
64.200000 0.010116
64.300000 0.012276
64.400000 0.014469
64.500000 0.016678
64.600000 0.018890
64.700000 0.021096
64.800000 0.023286
64.900000 0.025453
65.000000 0.027587
65.100000 0.029683
65.200000 0.031732
65.300000 0.033725
65.400000 0.035655
65.500000 0.037512
65.600000 0.039284
65.700000 0.040961
65.800000 0.042530
65.900000 0.043976
66.000000 0.045287
66.100000 0.046446
66.200000 0.047439
66.300000 0.048254
66.400000 0.048876
66.500000 0.049295
66.600000 0.049503
66.700000 0.049495
66.800000 0.049268
66.900000 0.048823
67.000000 0.048165
67.100000 0.047302
67.200000 0.046244
67.300000 0.045006
67.400000 0.043601
67.500000 0.042047
67.600000 0.040361
67.700000 0.038561
67.800000 0.036664
67.900000 0.034686
68.000000 0.032644
68.100000 0.030551
68.200000 0.028421
68.300000 0.026267
68.400000 0.024099
68.500000 0.021927
68.600000 0.019762
68.700000 0.017612
68.800000 0.015488
68.900000 0.013398
69.000000 0.011354
69.100000 0.009369
69.200000 0.008579
69.300000 0.010555
69.400000 0.012569
69.500000 0.014605
69.600000 0.016649
69.700000 0.018690
69.800000 0.020720
69.900000 0.022730
70.000000 0.024711
70.100000 0.026657
70.200000 0.028558
70.300000 0.030407
70.400000 0.032195
70.500000 0.033913
70.600000 0.035548
70.700000 0.037092
70.800000 0.038531
70.900000 0.039854
71.000000 0.041048
71.100000 0.042099
71.200000 0.042996
71.300000 0.043728
71.400000 0.044284
71.500000 0.044656
71.600000 0.044837
71.700000 0.044824
71.800000 0.044615
71.900000 0.044212
72.000000 0.043619
72.100000 0.042843
72.200000 0.041892
72.300000 0.040779
72.400000 0.039515
72.500000 0.038114
72.600000 0.036591
72.700000 0.034961
72.800000 0.033238
72.900000 0.031438
73.000000 0.029573
73.100000 0.027658
73.200000 0.025703
73.300000 0.023721
73.400000 0.021722
73.500000 0.019716
73.600000 0.017713
73.700000 0.015722
73.800000 0.013752
73.900000 0.011815
74.000000 0.009922
74.100000 0.008085
74.200000 0.007261
74.300000 0.009072
74.400000 0.010926
74.500000 0.012806
74.600000 0.014697
74.700000 0.016590
74.800000 0.018474
74.900000 0.020340
75.000000 0.022181
75.100000 0.023988
75.200000 0.025753
75.300000 0.027467
75.400000 0.029122
75.500000 0.030708
75.600000 0.032216
75.700000 0.033635
75.800000 0.034954
75.900000 0.036162
76.000000 0.037249
76.100000 0.038203
76.200000 0.039014
76.300000 0.039673
76.400000 0.040171
76.500000 0.040503
76.600000 0.040662
76.700000 0.040648
76.800000 0.040458
76.900000 0.040094
77.000000 0.039560
77.100000 0.038862
77.200000 0.038008
77.300000 0.037005
77.400000 0.035866
77.500000 0.034602
77.600000 0.033224
77.700000 0.031745
77.800000 0.030179
77.900000 0.028538
78.000000 0.026833
78.100000 0.025077
78.200000 0.023280
78.300000 0.021454
78.400000 0.019609
78.500000 0.017754
78.600000 0.015898
78.700000 0.014052
78.800000 0.012225
78.900000 0.010427
79.000000 0.008672
79.100000 0.006973
79.200000 0.006135
79.300000 0.007797
79.400000 0.009506
79.500000 0.011244
79.600000 0.012997
79.700000 0.014753
79.800000 0.016503
79.900000 0.018238
80.000000 0.019948
80.100000 0.021626
80.200000 0.023263
80.300000 0.024851
80.400000 0.026382
80.500000 0.027846
80.600000 0.029234
80.700000 0.030537
80.800000 0.031745
80.900000 0.032848
81.000000 0.033837
81.100000 0.034703
81.200000 0.035437
81.300000 0.036032
81.400000 0.036480
81.500000 0.036778
81.600000 0.036920
81.700000 0.036906
81.800000 0.036734
81.900000 0.036406
82.000000 0.035926
82.100000 0.035298
82.200000 0.034529
82.300000 0.033626
82.400000 0.032598
82.500000 0.031455
82.600000 0.030206
82.700000 0.028864
82.800000 0.027438
82.900000 0.025940
83.000000 0.024379
83.100000 0.022768
83.200000 0.021116
83.300000 0.019432
83.400000 0.017728
83.500000 0.016011
83.600000 0.014291
83.700000 0.012578
83.800000 0.010882
83.900000 0.009213
84.000000 0.007586
84.100000 0.006014
84.200000 0.005174
84.300000 0.006701
84.400000 0.008278
84.500000 0.009887
84.600000 0.011513
84.700000 0.013144
84.800000 0.014770
84.900000 0.016382
85.000000 0.017971
85.100000 0.019528
85.200000 0.021046
85.300000 0.022516
85.400000 0.023930
85.500000 0.025280
85.600000 0.026557
85.700000 0.027753
85.800000 0.028859
85.900000 0.029866
86.000000 0.030767
86.100000 0.031554
86.200000 0.032219
86.300000 0.032757
86.400000 0.033162
86.500000 0.033430
86.600000 0.033558
86.700000 0.033545
86.800000 0.033390
86.900000 0.033095
87.000000 0.032663
87.100000 0.032098
87.200000 0.031405
87.300000 0.030590
87.400000 0.029661
87.500000 0.028627
87.600000 0.027494
87.700000 0.026274
87.800000 0.024975
87.900000 0.023606
88.000000 0.022177
88.100000 0.020698
88.200000 0.019178
88.300000 0.017626
88.400000 0.016050
88.500000 0.014461
88.600000 0.012867
88.700000 0.011277
88.800000 0.009702
88.900000 0.008154
89.000000 0.006644
89.100000 0.005190
89.200000 0.004357
89.300000 0.005761
89.400000 0.007217
89.500000 0.008707
89.600000 0.010216
89.700000 0.011731
89.800000 0.013243
89.900000 0.014740
90.000000 0.016215
90.100000 0.017659
90.200000 0.019066
90.300000 0.020425
90.400000 0.021731
90.500000 0.022975
90.600000 0.024149
90.700000 0.025246
90.800000 0.026258
90.900000 0.027178
91.000000 0.027999
91.100000 0.028714
91.200000 0.029318
91.300000 0.029806
91.400000 0.030172
91.500000 0.030415
91.600000 0.030531
91.700000 0.030520
91.800000 0.030381
91.900000 0.030116
92.000000 0.029727
92.100000 0.029217
92.200000 0.028592
92.300000 0.027856
92.400000 0.027016
92.500000 0.026078
92.600000 0.025050
92.700000 0.023940
92.800000 0.022755
92.900000 0.021504
93.000000 0.020196
93.100000 0.018838
93.200000 0.017439
93.300000 0.016007
93.400000 0.014552
93.500000 0.013081
93.600000 0.011603
93.700000 0.010129
93.800000 0.008667
93.900000 0.007229
94.000000 0.005829
94.100000 0.004483
94.200000 0.003664
94.300000 0.004954
94.400000 0.006300
94.500000 0.007681
94.600000 0.009081
94.700000 0.010489
94.800000 0.011892
94.900000 0.013283
95.000000 0.014651
95.100000 0.015990
95.200000 0.017292
95.300000 0.018548
95.400000 0.019753
95.500000 0.020898
95.600000 0.021977
95.700000 0.022983
95.800000 0.023909
95.900000 0.024750
96.000000 0.025498
96.100000 0.026150
96.200000 0.026699
96.300000 0.027142
96.400000 0.027474
96.500000 0.027694
96.600000 0.027800
96.700000 0.027791
96.800000 0.027666
96.900000 0.027428
97.000000 0.027077
97.100000 0.026618
97.200000 0.026053
97.300000 0.025388
97.400000 0.024627
97.500000 0.023776
97.600000 0.022842
97.700000 0.021831
97.800000 0.020750
97.900000 0.019607
98.000000 0.018408
98.100000 0.017161
98.200000 0.015875
98.300000 0.014555
98.400000 0.013211
98.500000 0.011850
98.600000 0.010481
98.700000 0.009113
98.800000 0.007756
98.900000 0.006422
99.000000 0.005123
99.100000 0.003878
99.200000 0.003076
99.300000 0.004263
99.400000 0.005506
99.500000 0.006786
99.600000 0.008086
99.700000 0.009393
99.800000 0.010696
99.900000 0.011987
100.000000 0.013256
100.100000 0.014496
100.200000 0.015699
100.300000 0.016859
100.400000 0.017969
100.500000 0.019023
100.600000 0.020014
100.700000 0.020936
100.800000 0.021784
100.900000 0.022552
101.000000 0.023236
101.100000 0.023829
101.200000 0.024329
101.300000 0.024732
101.400000 0.025035
101.500000 0.025235
101.600000 0.025332
101.700000 0.025325
101.800000 0.025213
101.900000 0.024999
102.000000 0.024683
102.100000 0.024268
102.200000 0.023757
102.300000 0.023155
102.400000 0.022465
102.500000 0.021692
102.600000 0.020843
102.700000 0.019922
102.800000 0.018936
102.900000 0.017890
103.000000 0.016792
103.100000 0.015648
103.200000 0.014465
103.300000 0.013249
103.400000 0.012009
103.500000 0.010751
103.600000 0.009483
103.700000 0.008215
103.800000 0.006956
103.900000 0.005717
104.000000 0.004513
104.100000 0.003361
104.200000 0.002579
104.300000 0.003670
104.400000 0.004820
104.500000 0.006006
104.600000 0.007212
104.700000 0.008425
104.800000 0.009635
104.900000 0.010831
105.000000 0.012007
105.100000 0.013154
105.200000 0.014265
105.300000 0.015336
105.400000 0.016358
105.500000 0.017327
105.600000 0.018237
105.700000 0.019083
105.800000 0.019859
105.900000 0.020561
106.000000 0.021185
106.100000 0.021727
106.200000 0.022183
106.300000 0.022550
106.400000 0.022826
106.500000 0.023009
106.600000 0.023098
106.700000 0.023092
106.800000 0.022993
106.900000 0.022799
107.000000 0.022514
107.100000 0.022139
107.200000 0.021677
107.300000 0.021131
107.400000 0.020505
107.500000 0.019803
107.600000 0.019030
107.700000 0.018191
107.800000 0.017290
107.900000 0.016335
108.000000 0.015329
108.100000 0.014279
108.200000 0.013192
108.300000 0.012072
108.400000 0.010928
108.500000 0.009766
108.600000 0.008593
108.700000 0.007418
108.800000 0.006250
108.900000 0.005101
109.000000 0.003985
109.100000 0.002918
109.200000 0.002159
109.300000 0.003162
109.400000 0.004225
109.500000 0.005324
109.600000 0.006443
109.700000 0.007569
109.800000 0.008690
109.900000 0.009799
110.000000 0.010886
110.100000 0.011947
110.200000 0.012973
110.300000 0.013959
110.400000 0.014901
110.500000 0.015791
110.600000 0.016627
110.700000 0.017402
110.800000 0.018113
110.900000 0.018755
111.000000 0.019325
111.100000 0.019819
111.200000 0.020235
111.300000 0.020570
111.400000 0.020822
111.500000 0.020990
111.600000 0.021072
111.700000 0.021068
111.800000 0.020979
111.900000 0.020805
112.000000 0.020547
112.100000 0.020208
112.200000 0.019789
112.300000 0.019294
112.400000 0.018725
112.500000 0.018087
112.600000 0.017384
112.700000 0.016618
112.800000 0.015797
112.900000 0.014923
113.000000 0.014002
113.100000 0.013039
113.200000 0.012040
113.300000 0.011010
113.400000 0.009955
113.500000 0.008882
113.600000 0.007798
113.700000 0.006710
113.800000 0.005628
113.900000 0.004562
114.000000 0.003527
114.100000 0.002540
114.200000 0.001804
114.300000 0.002727
114.400000 0.003709
114.500000 0.004728
114.600000 0.005766
114.700000 0.006809
114.800000 0.007848
114.900000 0.008874
115.000000 0.009880
115.100000 0.010859
115.200000 0.011805
115.300000 0.012714
115.400000 0.013580
115.500000 0.014398
115.600000 0.015165
115.700000 0.015875
115.800000 0.016526
115.900000 0.017114
116.000000 0.017635
116.100000 0.018087
116.200000 0.018467
116.300000 0.018773
116.400000 0.019004
116.500000 0.019157
116.600000 0.019233
116.700000 0.019231
116.800000 0.019151
116.900000 0.018994
117.000000 0.018761
117.100000 0.018454
117.200000 0.018074
117.300000 0.017625
117.400000 0.017108
117.500000 0.016527
117.600000 0.015886
117.700000 0.015189
117.800000 0.014438
117.900000 0.013639
118.000000 0.012796
118.100000 0.011913
118.200000 0.010996
118.300000 0.010049
118.400000 0.009077
118.500000 0.008088
118.600000 0.007086
118.700000 0.006080
118.800000 0.005078
118.900000 0.004090
119.000000 0.003130
119.100000 0.002216
119.200000 0.001505
119.300000 0.002353
119.400000 0.003262
119.500000 0.004205
119.600000 0.005167
119.700000 0.006134
119.800000 0.007095
119.900000 0.008044
120.000000 0.008973
120.100000 0.009876
120.200000 0.010749
120.300000 0.011585
120.400000 0.012381
120.500000 0.013133
120.600000 0.013836
120.700000 0.014488
120.800000 0.015084
120.900000 0.015622
121.000000 0.016099
121.100000 0.016512
121.200000 0.016859
121.300000 0.017139
121.400000 0.017350
121.500000 0.017491
121.600000 0.017561
121.700000 0.017561
121.800000 0.017489
121.900000 0.017348
122.000000 0.017137
122.100000 0.016858
122.200000 0.016514
122.300000 0.016106
122.400000 0.015636
122.500000 0.015107
122.600000 0.014523
122.700000 0.013887
122.800000 0.013201
122.900000 0.012471
123.000000 0.011699
123.100000 0.010890
123.200000 0.010048
123.300000 0.009177
123.400000 0.008284
123.500000 0.007372
123.600000 0.006447
123.700000 0.005517
123.800000 0.004590
123.900000 0.003675
124.000000 0.002785
124.100000 0.001938
124.200000 0.001253
124.300000 0.002033
124.400000 0.002873
124.500000 0.003747
124.600000 0.004637
124.700000 0.005532
124.800000 0.006422
124.900000 0.007298
125.000000 0.008156
125.100000 0.008988
125.200000 0.009792
125.300000 0.010561
125.400000 0.011293
125.500000 0.011983
125.600000 0.012628
125.700000 0.013225
125.800000 0.013771
125.900000 0.014264
126.000000 0.014700
126.100000 0.015078
126.200000 0.015396
126.300000 0.015653
126.400000 0.015846
126.500000 0.015975
126.600000 0.016040
126.700000 0.016041
126.800000 0.015977
126.900000 0.015849
127.000000 0.015658
127.100000 0.015406
127.200000 0.015093
127.300000 0.014722
127.400000 0.014295
127.500000 0.013813
127.600000 0.013281
127.700000 0.012700
127.800000 0.012074
127.900000 0.011406
128.000000 0.010700
128.100000 0.009959
128.200000 0.009186
128.300000 0.008387
128.400000 0.007565
128.500000 0.006725
128.600000 0.005873
128.700000 0.005014
128.800000 0.004157
128.900000 0.003309
129.000000 0.002485
129.100000 0.001701
129.200000 0.001041
129.300000 0.001758
129.400000 0.002534
129.500000 0.003343
129.600000 0.004168
129.700000 0.004996
129.800000 0.005818
129.900000 0.006627
130.000000 0.007417
130.100000 0.008184
130.200000 0.008923
130.300000 0.009631
130.400000 0.010303
130.500000 0.010936
130.600000 0.011528
130.700000 0.012076
130.800000 0.012576
130.900000 0.013027
131.000000 0.013427
131.100000 0.013773
131.200000 0.014064
131.300000 0.014299
131.400000 0.014476
131.500000 0.014595
131.600000 0.014655
131.700000 0.014657
131.800000 0.014600
131.900000 0.014484
132.000000 0.014312
132.100000 0.014083
132.200000 0.013798
132.300000 0.013461
132.400000 0.013072
132.500000 0.012633
132.600000 0.012148
132.700000 0.011618
132.800000 0.011046
132.900000 0.010436
133.000000 0.009789
133.100000 0.009110
133.200000 0.008402
133.300000 0.007668
133.400000 0.006913
133.500000 0.006141
133.600000 0.005356
133.700000 0.004563
133.800000 0.003771
133.900000 0.002986
134.000000 0.002223
134.100000 0.001496
