Graphic of V norm for Mu=0.100 C=10.000 Gamma=1.000
0.000000 0.266312
0.100000 1.100821
0.200000 1.099509
0.300000 1.097494
0.400000 1.096677
0.500000 1.096006
0.600000 1.094741
0.700000 1.092328
0.800000 1.088382
0.900000 1.082689
1.000000 1.075160
1.100000 1.065934
1.200000 1.034088
1.300000 0.746688
1.400000 0.392460
1.500000 0.743307
1.600000 0.956278
1.700000 0.988607
1.800000 0.972895
1.900000 0.956743
2.000000 0.941135
2.100000 0.925985
2.200000 0.911340
2.300000 0.897176
2.400000 0.883445
2.500000 0.870151
2.600000 0.838044
2.700000 0.640700
2.800000 0.428558
2.900000 0.406510
3.000000 0.580057
3.100000 0.712038
3.200000 0.775860
3.300000 0.781695
3.400000 0.771867
3.500000 0.761611
3.600000 0.751953
3.700000 0.742666
3.800000 0.733808
3.900000 0.725231
4.000000 0.716039
4.100000 0.630168
4.200000 0.486214
4.300000 0.346677
4.400000 0.320184
4.500000 0.439514
4.600000 0.542270
4.700000 0.616481
4.800000 0.651986
4.900000 0.656830
5.000000 0.651249
5.100000 0.644759
5.200000 0.638537
5.300000 0.632566
5.400000 0.626792
5.500000 0.616481
5.600000 0.532447
5.700000 0.425408
5.800000 0.321666
5.900000 0.245270
6.000000 0.337473
6.100000 0.421753
6.200000 0.493111
6.300000 0.544383
6.400000 0.570451
6.500000 0.576040
6.600000 0.572967
6.700000 0.568433
6.800000 0.563985
6.900000 0.559683
7.000000 0.550254
7.100000 0.483218
7.200000 0.398387
7.300000 0.315635
7.400000 0.236203
7.500000 0.259797
7.600000 0.330964
7.700000 0.395642
7.800000 0.450280
7.900000 0.490123
8.000000 0.512020
8.100000 0.518575
8.200000 0.517284
8.300000 0.513988
8.400000 0.510548
8.500000 0.504269
8.600000 0.456127
8.700000 0.386168
8.800000 0.317239
8.900000 0.250420
9.000000 0.198206
9.100000 0.259563
9.200000 0.317347
9.300000 0.369829
9.400000 0.414358
9.500000 0.447640
9.600000 0.467369
9.700000 0.474862
9.800000 0.475035
9.900000 0.472681
10.000000 0.468860
10.100000 0.439651
10.200000 0.381282
10.300000 0.322181
10.400000 0.264475
10.500000 0.208683
10.600000 0.201582
10.700000 0.253231
10.800000 0.301879
10.900000 0.346150
11.000000 0.384050
11.100000 0.413146
11.200000 0.431626
11.300000 0.439977
11.400000 0.441460
11.500000 0.439682
11.600000 0.426341
11.700000 0.380207
11.800000 0.328584
11.900000 0.277795
12.000000 0.228290
12.100000 0.180503
12.200000 0.199774
12.300000 0.244373
12.400000 0.286423
12.500000 0.324843
12.600000 0.358096
12.700000 0.384311
12.800000 0.401982
12.900000 0.411114
13.000000 0.413745
13.100000 0.410128
13.200000 0.380517
13.300000 0.335396
13.400000 0.290055
13.500000 0.245581
13.600000 0.202264
13.700000 0.160482
13.800000 0.195296
13.900000 0.234567
14.000000 0.271666
14.100000 0.305728
14.200000 0.335546
14.300000 0.359639
14.400000 0.376741
14.500000 0.386545
14.600000 0.389788
14.700000 0.378277
14.800000 0.341651
14.900000 0.300830
15.000000 0.260461
15.100000 0.220891
15.200000 0.182356
15.300000 0.152962
15.400000 0.189446
15.500000 0.224561
15.600000 0.257814
15.700000 0.288507
15.800000 0.315679
15.900000 0.338137
16.000000 0.354792
16.100000 0.365088
16.200000 0.367035
16.300000 0.345749
16.400000 0.309668
16.500000 0.272738
16.600000 0.236332
16.700000 0.200649
16.800000 0.165889
16.900000 0.149962
17.000000 0.182941
17.100000 0.214724
17.200000 0.244914
17.300000 0.272929
17.400000 0.297984
17.500000 0.319132
17.600000 0.335395
17.700000 0.345744
17.800000 0.343044
17.900000 0.316066
18.000000 0.282403
18.100000 0.248719
18.200000 0.215541
18.300000 0.183014
18.400000 0.151316
18.500000 0.146091
18.600000 0.176199
18.700000 0.205258
18.800000 0.232943
18.900000 0.258770
19.000000 0.282098
19.100000 0.302143
19.200000 0.317991
19.300000 0.327387
19.400000 0.317970
19.500000 0.289558
19.600000 0.258395
19.700000 0.227437
19.800000 0.196947
19.900000 0.167044
20.000000 0.137888
20.100000 0.141767
20.200000 0.169479
20.300000 0.196274
20.400000 0.221873
20.500000 0.245875
20.600000 0.267756
20.700000 0.286838
20.800000 0.302123
20.900000 0.308918
21.000000 0.293545
21.100000 0.265762
21.200000 0.236861
21.300000 0.208220
21.400000 0.180009
21.500000 0.152332
21.600000 0.125330
21.700000 0.137262
21.800000 0.162948
21.900000 0.187828
22.000000 0.211663
22.100000 0.234116
22.200000 0.254751
22.300000 0.272958
22.400000 0.287328
22.500000 0.289849
22.600000 0.270735
22.700000 0.244273
22.800000 0.217357
22.900000 0.190717
23.000000 0.164471
23.100000 0.138712
23.200000 0.113563
23.300000 0.132756
23.400000 0.156712
23.500000 0.179946
23.600000 0.202268
23.700000 0.223388
23.800000 0.242927
23.900000 0.260284
24.000000 0.273108
24.100000 0.270612
24.200000 0.249797
24.300000 0.224784
24.400000 0.199619
24.500000 0.174722
24.600000 0.150192
24.700000 0.126104
24.800000 0.105419
24.900000 0.128376
25.000000 0.150822
25.100000 0.172637
25.200000 0.193639
25.300000 0.213588
25.400000 0.232153
25.500000 0.248590
25.600000 0.259063
25.700000 0.251869
25.800000 0.230674
25.900000 0.207071
26.000000 0.183454
26.100000 0.160093
26.200000 0.137069
26.300000 0.114451
26.400000 0.102593
26.500000 0.124180
26.600000 0.145313
26.700000 0.165876
26.800000 0.185722
26.900000 0.204636
27.000000 0.222294
27.100000 0.237644
27.200000 0.244984
27.300000 0.234126
27.400000 0.213239
27.500000 0.190941
27.600000 0.168698
27.700000 0.146702
27.800000 0.125012
27.900000 0.103696
28.000000 0.099832
28.100000 0.120213
28.200000 0.140181
28.300000 0.159641
28.400000 0.178457
28.500000 0.196440
28.600000 0.213229
28.700000 0.227210
28.800000 0.230912
28.900000 0.217589
29.000000 0.197335
29.100000 0.176227
29.200000 0.155216
29.300000 0.134432
29.400000 0.113933
29.500000 0.093779
29.600000 0.097182
29.700000 0.116489
29.800000 0.135422
29.900000 0.153894
30.000000 0.171788
30.100000 0.188926
30.200000 0.204831
30.300000 0.217069
30.400000 0.217079
30.500000 0.202297
30.600000 0.182800
30.700000 0.162780
30.800000 0.142872
30.900000 0.123176
31.000000 0.103747
31.100000 0.084634
31.200000 0.094667
31.300000 0.113011
31.400000 0.131013
31.500000 0.148600
31.600000 0.165663
31.700000 0.182007
31.800000 0.196960
31.900000 0.207045
32.000000 0.203697
32.100000 0.188206
32.200000 0.169497
32.300000 0.150465
32.400000 0.131551
32.500000 0.112839
32.600000 0.094372
32.700000 0.076200
32.800000 0.092297
32.900000 0.109772
33.000000 0.126937
33.100000 0.143720
33.200000 0.160023
33.300000 0.175609
33.400000 0.189486
33.500000 0.197086
33.600000 0.190947
33.700000 0.175226
33.800000 0.157292
33.900000 0.139160
34.000000 0.121149
34.100000 0.103327
34.200000 0.085733
34.300000 0.073146
34.400000 0.090074
34.500000 0.106761
34.600000 0.123165
34.700000 0.139218
34.800000 0.154818
34.900000 0.169655
35.000000 0.182277
35.100000 0.187191
35.200000 0.178909
35.300000 0.163262
35.400000 0.146070
35.500000 0.128760
35.600000 0.111570
35.700000 0.094557
35.800000 0.077757
35.900000 0.071805
36.000000 0.087997
36.100000 0.103966
36.200000 0.119676
36.300000 0.135059
36.400000 0.149999
36.500000 0.164059
36.600000 0.175217
36.700000 0.177437
36.800000 0.167619
36.900000 0.152220
37.000000 0.135727
37.100000 0.119170
37.200000 0.102731
37.300000 0.086458
37.400000 0.070384
37.500000 0.070539
37.600000 0.086059
37.700000 0.101372
37.800000 0.116444
37.900000 0.131207
38.000000 0.145516
38.100000 0.158745
38.200000 0.168214
38.300000 0.167912
38.400000 0.157058
38.500000 0.142010
38.600000 0.126173
38.700000 0.110309
38.800000 0.094556
38.900000 0.078961
39.000000 0.063554
39.100000 0.069352
39.200000 0.084253
39.300000 0.098963
39.400000 0.113447
39.500000 0.127633
39.600000 0.141320
39.700000 0.153630
39.800000 0.161238
39.900000 0.158697
40.000000 0.147200
40.100000 0.132552
40.200000 0.117328
40.300000 0.102101
40.400000 0.086981
40.500000 0.072010
40.600000 0.057215
40.700000 0.068241
40.800000 0.082572
40.900000 0.096726
41.000000 0.110664
41.100000 0.124304
41.200000 0.137365
41.300000 0.148637
41.400000 0.154269
41.500000 0.149845
41.600000 0.138001
41.700000 0.123772
41.800000 0.109121
41.900000 0.094482
42.000000 0.079947
42.100000 0.065551
42.200000 0.053262
42.300000 0.067204
42.400000 0.081007
42.500000 0.094645
42.600000 0.108074
42.700000 0.121192
42.800000 0.133599
42.900000 0.143707
43.000000 0.147341
43.100000 0.141397
43.200000 0.129410
43.300000 0.115607
43.400000 0.101489
43.500000 0.087395
43.600000 0.073401
43.700000 0.059539
43.800000 0.052790
43.900000 0.066236
44.000000 0.079550
44.100000 0.092707
44.200000 0.105658
44.300000 0.118263
44.400000 0.129972
44.500000 0.138783
44.600000 0.140487
44.700000 0.133374
44.800000 0.121381
44.900000 0.107999
45.000000 0.094379
45.100000 0.080790
45.200000 0.067297
45.300000 0.053932
45.400000 0.052352
45.500000 0.065334
45.600000 0.078192
45.700000 0.090901
45.800000 0.103397
45.900000 0.115490
46.000000 0.126439
46.100000 0.133843
46.200000 0.133757
46.300000 0.125769
46.400000 0.113869
46.500000 0.100893
46.600000 0.087740
46.700000 0.074621
46.800000 0.061598
46.900000 0.048694
47.000000 0.051944
47.100000 0.064495
47.200000 0.076928
47.300000 0.089213
47.400000 0.101272
47.500000 0.112843
47.600000 0.122949
47.700000 0.128869
47.800000 0.127185
47.900000 0.118573
48.000000 0.106830
48.100000 0.094247
48.200000 0.081529
48.300000 0.068852
48.400000 0.056264
48.500000 0.043794
48.600000 0.051566
48.700000 0.063713
48.800000 0.075747
48.900000 0.087631
49.000000 0.099266
49.100000 0.110290
49.200000 0.119467
49.300000 0.123879
49.400000 0.120811
49.500000 0.111771
49.600000 0.100226
49.700000 0.088019
49.800000 0.075711
49.900000 0.063444
50.000000 0.051265
50.100000 0.039367
50.200000 0.051218
50.300000 0.062985
50.400000 0.074643
50.500000 0.086146
50.600000 0.097357
50.700000 0.107797
50.800000 0.115964
50.900000 0.118881
51.000000 0.114655
51.100000 0.105345
51.200000 0.094022
51.300000 0.082173
51.400000 0.070248
51.500000 0.058368
51.600000 0.046573
51.700000 0.039406
51.800000 0.050897
51.900000 0.062308
52.000000 0.073610
52.100000 0.084744
52.200000 0.095528
52.300000 0.105336
52.400000 0.112420
52.500000 0.113910
52.600000 0.108734
52.700000 0.099270
52.800000 0.088184
52.900000 0.076676
53.000000 0.065114
53.100000 0.053596
53.200000 0.042162
53.300000 0.039449
53.400000 0.050602
53.500000 0.061676
53.600000 0.072640
53.700000 0.083416
53.800000 0.093758
53.900000 0.102880
54.000000 0.108821
54.100000 0.108985
54.200000 0.103055
54.300000 0.093526
54.400000 0.082683
54.500000 0.071501
54.600000 0.060278
54.700000 0.049103
54.800000 0.038013
54.900000 0.039498
55.000000 0.050331
55.100000 0.061087
55.200000 0.071727
55.300000 0.082148
55.400000 0.092028
55.500000 0.100402
55.600000 0.105175
55.700000 0.104138
55.800000 0.097619
55.900000 0.088092
56.000000 0.077494
56.100000 0.066621
56.200000 0.055719
56.300000 0.044867
56.400000 0.034103
56.500000 0.039551
56.600000 0.050083
56.700000 0.060536
56.800000 0.070862
56.900000 0.080927
57.000000 0.090316
57.100000 0.097885
57.200000 0.101485
57.300000 0.099390
57.400000 0.092424
57.500000 0.082945
57.600000 0.072591
57.700000 0.062012
57.800000 0.051414
57.900000 0.040869
58.000000 0.030418
58.100000 0.039611
58.200000 0.049855
58.300000 0.060020
58.400000 0.070040
58.500000 0.079741
58.600000 0.088602
58.700000 0.095315
58.800000 0.097773
58.900000 0.094759
59.000000 0.087461
59.100000 0.078068
59.200000 0.067953
59.300000 0.057653
59.400000 0.047345
59.500000 0.037091
59.600000 0.029666
59.700000 0.039675
59.800000 0.049647
59.900000 0.059533
60.000000 0.069252
60.100000 0.078578
60.200000 0.086870
60.300000 0.092681
60.400000 0.094051
60.500000 0.090256
60.600000 0.082726
60.700000 0.073442
60.800000 0.063560
60.900000 0.053527
61.000000 0.043493
61.100000 0.033519
61.200000 0.029991
61.300000 0.039745
61.400000 0.049456
61.500000 0.059073
61.600000 0.068490
61.700000 0.077422
61.800000 0.085101
61.900000 0.089987
62.000000 0.090343
62.100000 0.085894
62.200000 0.078206
62.300000 0.069049
62.400000 0.059395
62.500000 0.049616
62.600000 0.039845
62.700000 0.030140
62.800000 0.030312
62.900000 0.039819
63.000000 0.049281
63.100000 0.058634
63.200000 0.067746
63.300000 0.076259
63.400000 0.083284
63.500000 0.087237
63.600000 0.086660
63.700000 0.081676
63.800000 0.073893
63.900000 0.064875
64.000000 0.055441
64.100000 0.045906
64.200000 0.036384
64.300000 0.026941
64.400000 0.030623
64.500000 0.039896
64.600000 0.049118
64.700000 0.058211
64.800000 0.067011
64.900000 0.075077
65.000000 0.081407
65.100000 0.084441
65.200000 0.083023
65.300000 0.077607
65.400000 0.069777
65.500000 0.060905
65.600000 0.051684
65.700000 0.042382
65.800000 0.033102
65.900000 0.023914
66.000000 0.030929
66.100000 0.039978
66.200000 0.048964
66.300000 0.057800
66.400000 0.066275
66.500000 0.073863
66.600000 0.079469
66.700000 0.081604
66.800000 0.079446
66.900000 0.073684
67.000000 0.065845
67.100000 0.057126
67.200000 0.048111
67.300000 0.039031
67.400000 0.029985
67.500000 0.022397
67.600000 0.031227
67.700000 0.040060
67.800000 0.048818
67.900000 0.057394
68.000000 0.065528
68.100000 0.072606
68.200000 0.077465
68.300000 0.078748
68.400000 0.075938
68.500000 0.069908
68.600000 0.062090
68.700000 0.053525
68.800000 0.044709
68.900000 0.035845
69.000000 0.027025
69.100000 0.022891
69.200000 0.031519
69.300000 0.040143
69.400000 0.048677
69.500000 0.056988
69.600000 0.064762
69.700000 0.071296
69.800000 0.075399
69.900000 0.075879
70.000000 0.072511
70.100000 0.066277
70.200000 0.058502
70.300000 0.050091
70.400000 0.041468
70.500000 0.032812
70.600000 0.024216
70.700000 0.023368
70.800000 0.031806
70.900000 0.040226
71.000000 0.048536
71.100000 0.056574
71.200000 0.063965
71.300000 0.069928
71.400000 0.073277
71.500000 0.073015
71.600000 0.069171
71.700000 0.062784
71.800000 0.055071
71.900000 0.046813
72.000000 0.038378
72.100000 0.029923
72.200000 0.021547
72.300000 0.023836
72.400000 0.032087
72.500000 0.040307
72.600000 0.048392
72.700000 0.056146
72.800000 0.063130
72.900000 0.068497
73.000000 0.071104
73.100000 0.070166
73.200000 0.065919
73.300000 0.059427
73.400000 0.051788
73.500000 0.043683
73.600000 0.035430
73.700000 0.027173
73.800000 0.019018
73.900000 0.024287
74.000000 0.032358
74.100000 0.040383
74.200000 0.048241
74.300000 0.055698
74.400000 0.062249
74.500000 0.067002
74.600000 0.068892
74.700000 0.067345
74.800000 0.062763
74.900000 0.056200
75.000000 0.048647
75.100000 0.040692
75.200000 0.032615
75.300000 0.024551
75.400000 0.016886
75.500000 0.024729
75.600000 0.032623
75.700000 0.040453
75.800000 0.048079
75.900000 0.055222
76.000000 0.061315
76.100000 0.065444
76.200000 0.066649
76.300000 0.064558
76.400000 0.059700
76.500000 0.053098
76.600000 0.045637
76.700000 0.037832
76.800000 0.029927
76.900000 0.022057
77.000000 0.017468
77.100000 0.025157
77.200000 0.032879
77.300000 0.040514
77.400000 0.047899
77.500000 0.054710
77.600000 0.060325
77.700000 0.063828
77.800000 0.064387
77.900000 0.061815
78.000000 0.056735
78.100000 0.050117
78.200000 0.042754
78.300000 0.035095
78.400000 0.027360
78.500000 0.019682
78.600000 0.018039
78.700000 0.025575
78.800000 0.033126
78.900000 0.040563
79.000000 0.047698
79.100000 0.054157
79.200000 0.059273
79.300000 0.062157
79.400000 0.062113
79.500000 0.059123
79.600000 0.053863
79.700000 0.047251
79.800000 0.039990
79.900000 0.032476
80.000000 0.024910
80.100000 0.017425
80.200000 0.018590
80.300000 0.025979
80.400000 0.033360
80.500000 0.040597
80.600000 0.047470
80.700000 0.053558
80.800000 0.058161
80.900000 0.060439
81.000000 0.059841
81.100000 0.056485
81.200000 0.051086
81.300000 0.044495
81.400000 0.037340
81.500000 0.029969
81.600000 0.022568
81.700000 0.015280
81.800000 0.019130
81.900000 0.026371
82.000000 0.033582
82.100000 0.040613
82.200000 0.047209
82.300000 0.052906
82.400000 0.056987
82.500000 0.058679
82.600000 0.057575
82.700000 0.053907
82.800000 0.048401
82.900000 0.041845
83.000000 0.034797
83.100000 0.027567
83.200000 0.020333
83.300000 0.013252
83.400000 0.019652
83.500000 0.026748
83.600000 0.033789
83.700000 0.040606
83.800000 0.046911
83.900000 0.052200
84.000000 0.055755
84.100000 0.056889
84.200000 0.055325
84.300000 0.051391
84.400000 0.045806
84.500000 0.039296
84.600000 0.032356
84.700000 0.025268
84.800000 0.018201
84.900000 0.013291
85.000000 0.020162
85.100000 0.027111
85.200000 0.033978
85.300000 0.040573
85.400000 0.046572
85.500000 0.051437
85.600000 0.054469
85.700000 0.055072
85.800000 0.053097
85.900000 0.048938
86.000000 0.043299
86.100000 0.036842
86.200000 0.030014
86.300000 0.023067
86.400000 0.016172
86.500000 0.013900
86.600000 0.020655
86.700000 0.027459
86.800000 0.034148
86.900000 0.040510
87.000000 0.046186
87.100000 0.050617
87.200000 0.053133
87.300000 0.053241
87.400000 0.050897
87.500000 0.046550
87.600000 0.040877
87.700000 0.034482
87.800000 0.027765
87.900000 0.020959
88.000000 0.014237
88.100000 0.014499
88.200000 0.021134
88.300000 0.027790
88.400000 0.034295
88.500000 0.040412
88.600000 0.045750
88.700000 0.049738
88.800000 0.051752
88.900000 0.051398
89.000000 0.048729
89.100000 0.044227
89.200000 0.038537
89.300000 0.032211
89.400000 0.025606
89.500000 0.018944
89.600000 0.012405
89.700000 0.015078
89.800000 0.021595
89.900000 0.028103
90.000000 0.034417
90.100000 0.040277
90.200000 0.045263
90.300000 0.048804
90.400000 0.050333
90.500000 0.049553
90.600000 0.046599
90.700000 0.041970
90.800000 0.036278
90.900000 0.030024
91.000000 0.023533
91.100000 0.017016
91.200000 0.010665
91.300000 0.015646
91.400000 0.022041
91.500000 0.028395
91.600000 0.034510
91.700000 0.040100
91.800000 0.044722
91.900000 0.047816
92.000000 0.048881
92.100000 0.047711
92.200000 0.044508
92.300000 0.039778
92.400000 0.034097
92.500000 0.027920
92.600000 0.021545
92.700000 0.015177
92.800000 0.010048
92.900000 0.016196
93.000000 0.022468
93.100000 0.028664
93.200000 0.034572
93.300000 0.039878
93.400000 0.044127
93.500000 0.046779
93.600000 0.047404
93.700000 0.045879
93.800000 0.042459
93.900000 0.037650
94.000000 0.031990
94.100000 0.025894
94.200000 0.019637
94.300000 0.013422
94.400000 0.010673
94.500000 0.016731
94.600000 0.022877
94.700000 0.028909
94.800000 0.034598
94.900000 0.039609
95.000000 0.043476
95.100000 0.045696
95.200000 0.045905
95.300000 0.044060
95.400000 0.040454
95.500000 0.035586
95.600000 0.029956
95.700000 0.023944
95.800000 0.017809
95.900000 0.011756
96.000000 0.011281
96.100000 0.017248
96.200000 0.023265
96.300000 0.029126
96.400000 0.034587
96.500000 0.039291
96.600000 0.042775
96.700000 0.044573
96.800000 0.044394
96.900000 0.042260
97.000000 0.038496
97.100000 0.033585
97.200000 0.027993
97.300000 0.022069
97.400000 0.016057
97.500000 0.010170
97.600000 0.011879
97.700000 0.017749
97.800000 0.023631
97.900000 0.029315
98.000000 0.034535
98.100000 0.038922
98.200000 0.042021
98.300000 0.043412
98.400000 0.042873
98.500000 0.040481
98.600000 0.036583
98.700000 0.031645
98.800000 0.026097
98.900000 0.020265
99.000000 0.014382
99.100000 0.008675
99.200000 0.012459
99.300000 0.018230
99.400000 0.023973
99.500000 0.029471
99.600000 0.034441
99.700000 0.038504
99.800000 0.041221
99.900000 0.042222
100.000000 0.041350
100.100000 0.038729
100.200000 0.034718
100.300000 0.029764
100.400000 0.024269
100.500000 0.018531
100.600000 0.012780
100.700000 0.007534
100.800000 0.013026
100.900000 0.018692
101.000000 0.024290
101.100000 0.029592
101.200000 0.034301
101.300000 0.038034
101.400000 0.040375
101.500000 0.041005
101.600000 0.039825
101.700000 0.037003
101.800000 0.032901
101.900000 0.027943
102.000000 0.022505
102.100000 0.016866
102.200000 0.011256
102.300000 0.008143
102.400000 0.013575
102.500000 0.019132
102.600000 0.024579
102.700000 0.029676
102.800000 0.034116
102.900000 0.037515
103.000000 0.039489
103.100000 0.039768
103.200000 0.038308
103.300000 0.035308
103.400000 0.031131
103.500000 0.026180
103.600000 0.020803
103.700000 0.015267
103.800000 0.009802
103.900000 0.008747
104.000000 0.014110
104.100000 0.019551
104.200000 0.024838
104.300000 0.029722
104.400000 0.033883
104.500000 0.036948
104.600000 0.038563
104.700000 0.038513
104.800000 0.036799
104.900000 0.033644
105.000000 0.029408
105.100000 0.024472
105.200000 0.019164
105.300000 0.013736
105.400000 0.008428
105.500000 0.009335
105.600000 0.014624
105.700000 0.019945
105.800000 0.025065
105.900000 0.029726
106.000000 0.033604
106.100000 0.036336
106.200000 0.037606
106.300000 0.037248
106.400000 0.035303
106.500000 0.032014
106.600000 0.027733
106.700000 0.022821
106.800000 0.017584
106.900000 0.012268
107.000000 0.007126
107.100000 0.009915
107.200000 0.015121
107.300000 0.020314
107.400000 0.025259
107.500000 0.029688
107.600000 0.033277
107.700000 0.035680
107.800000 0.036620
107.900000 0.035974
108.000000 0.033822
108.100000 0.030418
108.200000 0.026105
108.300000 0.021224
108.400000 0.016064
108.500000 0.010868
108.600000 0.005907
108.700000 0.010477
108.800000 0.015595
108.900000 0.020654
109.000000 0.025417
109.100000 0.029607
109.200000 0.032904
109.300000 0.034985
109.400000 0.035609
109.500000 0.034698
109.600000 0.032360
109.700000 0.028857
109.800000 0.024523
109.900000 0.019679
110.000000 0.014601
110.100000 0.009530
110.200000 0.006166
110.300000 0.011027
110.400000 0.016049
110.500000 0.020967
110.600000 0.025538
110.700000 0.029482
110.800000 0.032486
110.900000 0.034251
111.000000 0.034576
111.100000 0.033420
111.200000 0.030917
111.300000 0.027332
111.400000 0.022987
111.500000 0.018188
111.600000 0.013198
111.700000 0.008262
111.800000 0.006742
111.900000 0.011557
112.000000 0.016478
112.100000 0.021247
112.200000 0.025620
112.300000 0.029314
112.400000 0.032026
112.500000 0.033485
112.600000 0.033528
112.700000 0.032147
112.800000 0.029497
112.900000 0.025844
113.000000 0.021497
113.100000 0.016748
113.200000 0.011849
113.300000 0.007056
113.400000 0.007315
113.500000 0.012072
113.600000 0.016883
113.700000 0.021496
113.800000 0.025662
113.900000 0.029101
114.000000 0.031523
114.100000 0.032688
114.200000 0.032465
114.300000 0.030879
114.400000 0.028099
114.500000 0.024392
114.600000 0.020053
114.700000 0.015359
114.800000 0.010560
114.900000 0.005922
115.000000 0.007873
115.100000 0.012566
115.200000 0.017260
115.300000 0.021710
115.400000 0.025664
115.500000 0.028846
115.600000 0.030984
115.700000 0.031865
115.800000 0.031394
115.900000 0.029622
116.000000 0.026728
116.100000 0.022977
116.200000 0.018653
116.300000 0.014020
116.400000 0.009325
116.500000 0.004855
116.600000 0.008424
116.700000 0.013041
116.800000 0.017610
116.900000 0.021889
117.000000 0.025624
117.100000 0.028547
117.200000 0.030406
117.300000 0.031017
117.400000 0.030316
117.500000 0.028374
117.600000 0.025382
117.700000 0.021599
117.800000 0.017297
117.900000 0.012732
118.000000 0.008151
118.100000 0.004613
118.200000 0.008956
118.300000 0.013491
118.400000 0.017930
118.500000 0.022031
118.600000 0.025544
118.700000 0.028210
118.800000 0.029797
118.900000 0.030151
119.000000 0.029235
119.100000 0.027141
119.200000 0.024064
119.300000 0.020258
119.400000 0.015985
119.500000 0.011492
119.600000 0.007032
119.700000 0.005163
119.800000 0.009476
119.900000 0.013920
120.000000 0.018220
120.100000 0.022136
120.200000 0.025422
120.300000 0.027832
120.400000 0.029156
120.500000 0.029267
120.600000 0.028152
120.700000 0.025922
120.800000 0.022773
120.900000 0.018955
121.000000 0.014717
121.100000 0.010304
121.200000 0.005975
121.300000 0.005702
121.400000 0.009977
121.500000 0.014322
121.600000 0.018476
121.700000 0.022203
121.800000 0.025262
121.900000 0.027420
122.000000 0.028489
122.100000 0.028370
122.200000 0.027074
122.300000 0.024720
122.400000 0.021512
122.500000 0.017688
122.600000 0.013492
122.700000 0.009163
122.800000 0.004975
122.900000 0.006239
123.000000 0.010461
123.100000 0.014698
123.200000 0.018699
123.300000 0.022232
123.400000 0.025061
123.500000 0.026971
123.600000 0.027797
123.700000 0.027462
123.800000 0.025998
123.900000 0.023537
124.000000 0.020279
124.100000 0.016458
124.200000 0.012311
124.300000 0.008075
124.400000 0.004044
124.500000 0.006760
124.600000 0.010922
124.700000 0.015045
124.800000 0.018888
124.900000 0.022222
125.000000 0.024823
125.100000 0.026491
125.200000 0.027084
125.300000 0.026547
125.400000 0.024930
125.500000 0.022373
125.600000 0.019076
125.700000 0.015266
125.800000 0.011171
125.900000 0.007034
126.000000 0.003406
126.100000 0.007274
126.200000 0.011363
126.300000 0.015364
126.400000 0.019042
126.500000 0.022174
126.600000 0.024548
126.700000 0.025980
126.800000 0.026350
126.900000 0.025625
127.000000 0.023870
127.100000 0.021230
127.200000 0.017904
127.300000 0.014110
127.400000 0.010076
127.500000 0.006048
127.600000 0.003912
127.700000 0.007770
127.800000 0.011779
127.900000 0.015651
128.000000 0.019160
128.100000 0.022090
128.200000 0.024239
128.300000 0.025443
128.400000 0.025602
128.500000 0.024703
128.600000 0.022822
128.700000 0.020109
128.800000 0.016761
128.900000 0.012991
129.000000 0.009022
129.100000 0.005112
129.200000 0.004421
129.300000 0.008253
129.400000 0.012172
129.500000 0.015908
129.600000 0.019242
129.700000 0.021968
129.800000 0.023896
129.900000 0.024880
130.000000 0.024840
130.100000 0.023778
130.200000 0.021784
130.300000 0.019010
130.400000 0.015649
130.500000 0.011910
130.600000 0.008014
130.700000 0.004233
130.800000 0.004921
130.900000 0.008715
131.000000 0.012536
131.100000 0.016132
131.200000 0.019289
131.300000 0.021812
131.400000 0.023524
131.500000 0.024296
131.600000 0.024068
131.700000 0.022857
131.800000 0.020761
131.900000 0.017935
132.000000 0.014568
132.100000 0.010864
132.200000 0.007047
132.300000 0.003407
132.400000 0.005418
132.500000 0.009160
132.600000 0.012875
132.700000 0.016323
132.800000 0.019301
132.900000 0.021620
133.000000 0.023121
133.100000 0.023691
133.200000 0.023286
133.300000 0.021938
133.400000 0.019752
133.500000 0.016883
133.600000 0.013518
133.700000 0.009857
133.800000 0.006128
133.900000 0.002647
134.000000 0.005900
134.100000 0.009582
134.200000 0.013184
134.300000 0.016481
134.400000 0.019278
134.500000 0.021397
134.600000 0.022693
134.700000 0.023070
134.800000 0.022499
134.900000 0.021026
135.000000 0.018759
135.100000 0.015856
135.200000 0.012498
135.300000 0.008885
135.400000 0.005251
135.500000 0.002932
135.600000 0.006373
135.700000 0.009982
135.800000 0.013464
135.900000 0.016606
136.000000 0.019220
136.100000 0.021142
136.200000 0.022239
136.300000 0.022432
136.400000 0.021707
136.500000 0.020119
136.600000 0.017783
136.700000 0.014854
136.800000 0.011511
136.900000 0.007953
137.000000 0.004423
137.100000 0.003398
137.200000 0.006828
137.300000 0.010356
137.400000 0.013714
137.500000 0.016697
137.600000 0.019130
137.700000 0.020858
137.800000 0.021764
137.900000 0.021783
138.000000 0.020914
138.100000 0.019222
138.200000 0.016825
138.300000 0.013877
138.400000 0.010554
138.500000 0.007056
138.600000 0.003641
138.700000 0.003867
138.800000 0.007268
138.900000 0.010707
139.000000 0.013933
139.100000 0.016756
139.200000 0.019008
139.300000 0.020546
139.400000 0.021268
139.500000 0.021122
139.600000 0.020120
139.700000 0.018335
139.800000 0.015885
139.900000 0.012926
140.000000 0.009630
140.100000 0.006200
140.200000 0.002914
140.300000 0.004326
140.400000 0.007688
140.500000 0.011030
140.600000 0.014122
140.700000 0.016782
140.800000 0.018855
140.900000 0.020209
141.000000 0.020754
141.100000 0.020454
141.200000 0.019329
141.300000 0.017459
141.400000 0.014965
141.500000 0.012000
141.600000 0.008736
141.700000 0.005380
141.800000 0.002236
141.900000 0.004781
142.000000 0.008089
142.100000 0.011326
142.200000 0.014279
142.300000 0.016777
142.400000 0.018673
142.500000 0.019848
142.600000 0.020224
142.700000 0.019778
142.800000 0.018540
142.900000 0.016594
143.000000 0.014065
143.100000 0.011101
143.200000 0.007876
143.300000 0.004603
143.400000 0.002158
143.500000 0.005221
143.600000 0.008466
143.700000 0.011594
143.800000 0.014406
143.900000 0.016741
144.000000 0.018463
144.100000 0.019465
144.200000 0.019681
144.300000 0.019098
144.400000 0.017756
144.500000 0.015744
144.600000 0.013185
144.700000 0.010229
144.800000 0.007047
144.900000 0.003864
145.000000 0.002588
145.100000 0.005651
145.200000 0.008822
145.300000 0.011834
145.400000 0.014502
145.500000 0.016675
145.600000 0.018227
145.700000 0.019061
145.800000 0.019124
145.900000 0.018414
146.000000 0.016977
146.100000 0.014907
146.200000 0.012327
146.300000 0.009384
146.400000 0.006253
146.500000 0.003172
146.600000 0.003015
146.700000 0.006062
146.800000 0.009152
146.900000 0.012044
147.000000 0.014568
147.100000 0.016581
147.200000 0.017966
147.300000 0.018640
147.400000 0.018559
147.500000 0.017730
147.600000 0.016207
147.700000 0.014086
147.800000 0.011489
147.900000 0.008565
148.000000 0.005489
148.100000 0.002520
148.200000 0.003444
148.300000 0.006457
148.400000 0.009458
148.500000 0.012227
148.600000 0.014605
148.700000 0.016459
148.800000 0.017682
148.900000 0.018201
149.000000 0.017983
149.100000 0.017045
149.200000 0.015445
149.300000 0.013280
149.400000 0.010674
149.500000 0.007774
149.600000 0.004762
149.700000 0.001923
149.800000 0.003863
149.900000 0.006832
150.000000 0.009737
150.100000 0.012380
150.200000 0.014613
150.300000 0.016311
150.400000 0.017377
150.500000 0.017748
150.600000 0.017403
150.700000 0.016362
150.800000 0.014692
150.900000 0.012490
151.000000 0.009881
151.100000 0.007010
151.200000 0.004067
151.300000 0.001558
151.400000 0.004275
151.500000 0.007187
151.600000 0.009991
151.700000 0.012506
151.800000 0.014593
151.900000 0.016138
152.000000 0.017052
152.100000 0.017282
152.200000 0.016816
152.300000 0.015682
152.400000 0.013949
152.500000 0.011718
152.600000 0.009111
152.700000 0.006275
152.800000 0.003411
152.900000 0.001943
153.000000 0.004673
153.100000 0.007519
153.200000 0.010218
153.300000 0.012603
153.400000 0.014547
153.500000 0.015941
153.600000 0.016709
153.700000 0.016806
153.800000 0.016226
153.900000 0.015006
154.000000 0.013218
154.100000 0.010963
154.200000 0.008363
154.300000 0.005567
154.400000 0.002790
154.500000 0.002337
154.600000 0.005058
154.700000 0.007829
154.800000 0.010418
154.900000 0.012674
155.000000 0.014474
155.100000 0.015723
155.200000 0.016349
155.300000 0.016319
155.400000 0.015633
155.500000 0.014335
155.600000 0.012500
155.700000 0.010226
155.800000 0.007639
155.900000 0.004890
156.000000 0.002213
156.100000 0.002726
156.200000 0.005424
156.300000 0.008114
156.400000 0.010592
156.500000 0.012717
156.600000 0.014378
156.700000 0.015484
156.800000 0.015976
156.900000 0.015825
157.000000 0.015041
157.100000 0.013672
157.200000 0.011794
157.300000 0.009508
157.400000 0.006938
157.500000 0.004240
157.600000 0.001674
157.700000 0.003116
157.800000 0.005774
157.900000 0.008376
158.000000 0.010740
158.100000 0.012735
158.200000 0.014257
158.300000 0.015225
158.400000 0.015587
158.500000 0.015323
158.600000 0.014448
158.700000 0.013015
158.800000 0.011101
158.900000 0.008809
159.000000 0.006262
159.100000 0.003624
159.200000 0.001188
159.300000 0.003493
159.400000 0.006103
159.500000 0.008613
159.600000 0.010862
159.700000 0.012728
159.800000 0.014115
159.900000 0.014950
160.000000 0.015188
160.100000 0.014817
160.200000 0.013858
160.300000 0.012367
160.400000 0.010423
160.500000 0.008128
160.600000 0.005608
160.700000 0.003035
160.800000 0.001437
160.900000 0.003863
161.000000 0.006412
161.100000 0.008826
161.200000 0.010958
161.300000 0.012696
161.400000 0.013951
161.500000 0.014657
161.600000 0.014778
161.700000 0.014306
161.800000 0.013270
161.900000 0.011727
162.000000 0.009759
162.100000 0.007468
162.200000 0.004981
162.300000 0.002483
162.400000 0.001789
162.500000 0.004217
162.600000 0.006699
162.700000 0.009015
162.800000 0.011030
162.900000 0.012642
163.000000 0.013768
163.100000 0.014351
163.200000 0.014359
163.300000 0.013794
163.400000 0.012687
163.500000 0.011098
163.600000 0.009111
163.700000 0.006827
163.800000 0.004376
163.900000 0.001962
