Graphic of V norm for Mu=0.100 C=1.000 Gamma=1.400
0.000000 0.043649
0.100000 0.429460
0.200000 0.441281
0.300000 0.441713
0.400000 0.441619
0.500000 0.440697
0.600000 0.439522
0.700000 0.437852
0.800000 0.435643
0.900000 0.432917
1.000000 0.429737
1.100000 0.426183
1.200000 0.422331
1.300000 0.418250
1.400000 0.414005
1.500000 0.409643
1.600000 0.405206
1.700000 0.400724
1.800000 0.396232
1.900000 0.391771
2.000000 0.387324
2.100000 0.382933
2.200000 0.378598
2.300000 0.374331
2.400000 0.370132
2.500000 0.366025
2.600000 0.361984
2.700000 0.358021
2.800000 0.354019
2.900000 0.349196
3.000000 0.340037
3.100000 0.318496
3.200000 0.281536
3.300000 0.236455
3.400000 0.189605
3.500000 0.144111
3.600000 0.101981
3.700000 0.109004
3.800000 0.147672
3.900000 0.183233
4.000000 0.214675
4.100000 0.241252
4.200000 0.262472
4.300000 0.278178
4.400000 0.288640
4.500000 0.294570
4.600000 0.296962
4.700000 0.296939
4.800000 0.295493
4.900000 0.293363
5.000000 0.291000
5.100000 0.288586
5.200000 0.286207
5.300000 0.283885
5.400000 0.281612
5.500000 0.279403
5.600000 0.277240
5.700000 0.275126
5.800000 0.273063
5.900000 0.271037
6.000000 0.269064
6.100000 0.267121
6.200000 0.265224
6.300000 0.263330
6.400000 0.261362
6.500000 0.258950
6.600000 0.254983
6.700000 0.247065
6.800000 0.232804
6.900000 0.212667
7.000000 0.189427
7.100000 0.165355
7.200000 0.141550
7.300000 0.118547
7.400000 0.096681
7.500000 0.076243
7.600000 0.078888
7.700000 0.099124
7.800000 0.118360
7.900000 0.136402
8.000000 0.153072
8.100000 0.168198
8.200000 0.181626
8.300000 0.193239
8.400000 0.202941
8.500000 0.210725
8.600000 0.216641
8.700000 0.220842
8.800000 0.223520
8.900000 0.224948
9.000000 0.225408
9.100000 0.225181
9.200000 0.224498
9.300000 0.223556
9.400000 0.222476
9.500000 0.221338
9.600000 0.220188
9.700000 0.219044
9.800000 0.217913
9.900000 0.216795
10.000000 0.215680
10.100000 0.214532
10.200000 0.213237
10.300000 0.211475
10.400000 0.208526
10.500000 0.203213
10.600000 0.194487
10.700000 0.182374
10.800000 0.167968
10.900000 0.152496
11.000000 0.136752
11.100000 0.121164
11.200000 0.105960
11.300000 0.091286
11.400000 0.077257
11.500000 0.063985
11.600000 0.062103
11.700000 0.075707
11.800000 0.088838
11.900000 0.101407
12.000000 0.113339
12.100000 0.124560
12.200000 0.134994
12.300000 0.144573
12.400000 0.153236
12.500000 0.160922
12.600000 0.167599
12.700000 0.173249
12.800000 0.177879
12.900000 0.181530
13.000000 0.184271
13.100000 0.186193
13.200000 0.187406
13.300000 0.188039
13.400000 0.188214
13.500000 0.188050
13.600000 0.187653
13.700000 0.187097
13.800000 0.186443
13.900000 0.185711
14.000000 0.184875
14.100000 0.183828
14.200000 0.182296
14.300000 0.179772
14.400000 0.175574
14.500000 0.169184
14.600000 0.160622
14.700000 0.150442
14.800000 0.139333
14.900000 0.127833
15.000000 0.116273
15.100000 0.104841
15.200000 0.093649
15.300000 0.082774
15.400000 0.072281
15.500000 0.062228
15.600000 0.052679
15.700000 0.056113
15.800000 0.066215
15.900000 0.076020
16.000000 0.085482
16.100000 0.094559
16.200000 0.103214
16.300000 0.111404
16.400000 0.119085
16.500000 0.126225
16.600000 0.132780
16.700000 0.138726
16.800000 0.144031
16.900000 0.148683
17.000000 0.152676
17.100000 0.156021
17.200000 0.158740
17.300000 0.160871
17.400000 0.162464
17.500000 0.163575
17.600000 0.164269
17.700000 0.164615
17.800000 0.164662
17.900000 0.164439
18.000000 0.163923
18.100000 0.162996
18.200000 0.161405
18.300000 0.158770
18.400000 0.154711
18.500000 0.149060
18.600000 0.141978
18.700000 0.133860
18.800000 0.125127
18.900000 0.116105
19.000000 0.107008
19.100000 0.097965
19.200000 0.089059
19.300000 0.080343
19.400000 0.071860
19.500000 0.063649
19.600000 0.055746
19.700000 0.048189
19.800000 0.048471
19.900000 0.056547
20.000000 0.064432
20.100000 0.072096
20.200000 0.079510
20.300000 0.086648
20.400000 0.093485
20.500000 0.099997
20.600000 0.106154
20.700000 0.111936
20.800000 0.117314
20.900000 0.122268
21.000000 0.126782
21.100000 0.130840
21.200000 0.134433
21.300000 0.137560
21.400000 0.140226
21.500000 0.142443
21.600000 0.144230
21.700000 0.145606
21.800000 0.146587
21.900000 0.147171
22.000000 0.147320
22.100000 0.146937
22.200000 0.145839
22.300000 0.143788
22.400000 0.140566
22.500000 0.136097
22.600000 0.130501
22.700000 0.124041
22.800000 0.117020
22.900000 0.109687
23.000000 0.102222
23.100000 0.094739
23.200000 0.087312
23.300000 0.079992
23.400000 0.072813
23.500000 0.065803
23.600000 0.058988
23.700000 0.052391
23.800000 0.046040
23.900000 0.040989
24.000000 0.047743
24.100000 0.054370
24.200000 0.060847
24.300000 0.067156
24.400000 0.073276
24.500000 0.079190
24.600000 0.084883
24.700000 0.090332
24.800000 0.095524
24.900000 0.100438
25.000000 0.105060
25.100000 0.109371
25.200000 0.113357
25.300000 0.117005
25.400000 0.120306
25.500000 0.123252
25.600000 0.125835
25.700000 0.128049
25.800000 0.129881
25.900000 0.131306
26.000000 0.132276
26.100000 0.132701
26.200000 0.132444
26.300000 0.131340
26.400000 0.129231
26.500000 0.126051
26.600000 0.121857
26.700000 0.116824
26.800000 0.111182
26.900000 0.105149
27.000000 0.098900
27.100000 0.092553
27.200000 0.086190
27.300000 0.079867
27.400000 0.073617
27.500000 0.067469
27.600000 0.061443
27.700000 0.055558
27.800000 0.049831
27.900000 0.044281
28.000000 0.038924
28.100000 0.039916
28.200000 0.045645
28.300000 0.051274
28.400000 0.056785
28.500000 0.062163
28.600000 0.067396
28.700000 0.072471
28.800000 0.077374
28.900000 0.082093
29.000000 0.086614
29.100000 0.090925
29.200000 0.095011
29.300000 0.098859
29.400000 0.102457
29.500000 0.105792
29.600000 0.108849
29.700000 0.111612
29.800000 0.114057
29.900000 0.116153
30.000000 0.117846
30.100000 0.119060
30.200000 0.119687
30.300000 0.119590
30.400000 0.118638
30.500000 0.116743
30.600000 0.113900
30.700000 0.110205
30.800000 0.105820
30.900000 0.100933
31.000000 0.095717
31.100000 0.090307
31.200000 0.084801
31.300000 0.079266
31.400000 0.073748
31.500000 0.068277
31.600000 0.062876
31.700000 0.057563
31.800000 0.052354
31.900000 0.047260
32.000000 0.042296
32.100000 0.037475
32.200000 0.033008
32.300000 0.038058
32.400000 0.043040
32.500000 0.047941
32.600000 0.052749
32.700000 0.057451
32.800000 0.062038
32.900000 0.066500
33.000000 0.070825
33.100000 0.075007
33.200000 0.079032
33.300000 0.082891
33.400000 0.086571
33.500000 0.090060
33.600000 0.093345
33.700000 0.096407
33.800000 0.099225
33.900000 0.101766
34.000000 0.103987
34.100000 0.105823
34.200000 0.107189
34.300000 0.107973
34.400000 0.108059
34.500000 0.107344
34.600000 0.105775
34.700000 0.103366
34.800000 0.100207
34.900000 0.096437
35.000000 0.092213
35.100000 0.087676
35.200000 0.082945
35.300000 0.078105
35.400000 0.073217
35.500000 0.068325
35.600000 0.063457
35.700000 0.058636
35.800000 0.053876
35.900000 0.049192
36.000000 0.044594
36.100000 0.040092
36.200000 0.035698
36.300000 0.031421
36.400000 0.031449
36.500000 0.035919
36.600000 0.040334
36.700000 0.044682
36.800000 0.048954
36.900000 0.053142
37.000000 0.057235
37.100000 0.061228
37.200000 0.065111
37.300000 0.068876
37.400000 0.072513
37.500000 0.076013
37.600000 0.079364
37.700000 0.082550
37.800000 0.085553
37.900000 0.088348
38.000000 0.090900
38.100000 0.093160
38.200000 0.095061
38.300000 0.096519
38.400000 0.097434
38.500000 0.097705
38.600000 0.097252
38.700000 0.096032
38.800000 0.094064
38.900000 0.091419
39.000000 0.088211
39.100000 0.084567
39.200000 0.080613
39.300000 0.076451
39.400000 0.072162
39.500000 0.067806
39.600000 0.063425
39.700000 0.059047
39.800000 0.054695
39.900000 0.050384
40.000000 0.046128
40.100000 0.041934
40.200000 0.037815
40.300000 0.033777
40.400000 0.029829
40.500000 0.025981
40.600000 0.029744
40.700000 0.033757
40.800000 0.037725
40.900000 0.041638
41.000000 0.045488
41.100000 0.049269
41.200000 0.052973
41.300000 0.056592
41.400000 0.060119
41.500000 0.063547
41.600000 0.066865
41.700000 0.070063
41.800000 0.073125
41.900000 0.076033
42.000000 0.078761
42.100000 0.081272
42.200000 0.083519
42.300000 0.085438
42.400000 0.086952
42.500000 0.087973
42.600000 0.088416
42.700000 0.088213
42.800000 0.087329
42.900000 0.085774
43.000000 0.083601
43.100000 0.080899
43.200000 0.077772
43.300000 0.074328
43.400000 0.070660
43.500000 0.066845
43.600000 0.062941
43.700000 0.058990
43.800000 0.055025
43.900000 0.051067
44.000000 0.047134
44.100000 0.043236
44.200000 0.039385
44.300000 0.035590
44.400000 0.031857
44.500000 0.028195
44.600000 0.024612
44.700000 0.024389
44.800000 0.028058
44.900000 0.031700
45.000000 0.035306
45.100000 0.038868
45.200000 0.042376
45.300000 0.045825
45.400000 0.049209
45.500000 0.052519
45.600000 0.055751
45.700000 0.058892
45.800000 0.061934
45.900000 0.064862
46.000000 0.067656
46.100000 0.070292
46.200000 0.072735
46.300000 0.074939
46.400000 0.076847
46.500000 0.078391
46.600000 0.079495
46.700000 0.080086
46.800000 0.080108
46.900000 0.079526
47.000000 0.078342
47.100000 0.076593
47.200000 0.074344
47.300000 0.071681
47.400000 0.068693
47.500000 0.065464
47.600000 0.062067
47.700000 0.058559
47.800000 0.054985
47.900000 0.051377
48.000000 0.047759
48.100000 0.044150
48.200000 0.040562
48.300000 0.037006
48.400000 0.033492
48.500000 0.030025
48.600000 0.026615
48.700000 0.023268
48.800000 0.019993
48.900000 0.023113
49.000000 0.026471
49.100000 0.029808
49.200000 0.033115
49.300000 0.036383
49.400000 0.039605
49.500000 0.042777
49.600000 0.045890
49.700000 0.048938
49.800000 0.051911
49.900000 0.054800
50.000000 0.057590
50.100000 0.060263
50.200000 0.062796
50.300000 0.065155
50.400000 0.067300
50.500000 0.069179
50.600000 0.070734
50.700000 0.071900
50.800000 0.072615
50.900000 0.072828
51.000000 0.072507
51.100000 0.071648
51.200000 0.070273
51.300000 0.068430
51.400000 0.066183
51.500000 0.063607
51.600000 0.060775
51.700000 0.057756
51.800000 0.054605
51.900000 0.051366
52.000000 0.048076
52.100000 0.044759
52.200000 0.041435
52.300000 0.038119
52.400000 0.034823
52.500000 0.031556
52.600000 0.028325
52.700000 0.025138
52.800000 0.022004
52.900000 0.018930
53.000000 0.018823
53.100000 0.021924
53.200000 0.025020
53.300000 0.028099
53.400000 0.031152
53.500000 0.034171
53.600000 0.037150
53.700000 0.040081
53.800000 0.042959
53.900000 0.045773
54.000000 0.048515
54.100000 0.051171
54.200000 0.053722
54.300000 0.056147
54.400000 0.058416
54.500000 0.060493
54.600000 0.062333
54.700000 0.063885
54.800000 0.065093
54.900000 0.065905
55.000000 0.066277
55.100000 0.066177
55.200000 0.065597
55.300000 0.064548
55.400000 0.063062
55.500000 0.061188
55.600000 0.058985
55.700000 0.056518
55.800000 0.053844
55.900000 0.051020
56.000000 0.048088
56.100000 0.045086
56.200000 0.042040
56.300000 0.038974
56.400000 0.035902
56.500000 0.032838
56.600000 0.029792
56.700000 0.026773
56.800000 0.023788
56.900000 0.020845
57.000000 0.017954
57.100000 0.015125
57.200000 0.017969
57.300000 0.020844
57.400000 0.023715
57.500000 0.026572
57.600000 0.029405
57.700000 0.032208
57.800000 0.034972
57.900000 0.037692
58.000000 0.040358
58.100000 0.042959
58.200000 0.045485
58.300000 0.047917
58.400000 0.050235
58.500000 0.052413
58.600000 0.054418
58.700000 0.056211
58.800000 0.057748
58.900000 0.058983
59.000000 0.059870
59.100000 0.060369
59.200000 0.060454
59.300000 0.060110
59.400000 0.059340
59.500000 0.058167
59.600000 0.056625
59.700000 0.054760
59.800000 0.052625
59.900000 0.050272
60.000000 0.047750
60.100000 0.045104
60.200000 0.042368
60.300000 0.039573
60.400000 0.036742
60.500000 0.033893
60.600000 0.031041
60.700000 0.028196
60.800000 0.025368
60.900000 0.022567
61.000000 0.019800
61.100000 0.017076
61.200000 0.014407
61.300000 0.014529
61.400000 0.017198
61.500000 0.019877
61.600000 0.022552
61.700000 0.025214
61.800000 0.027854
61.900000 0.030464
62.000000 0.033036
62.100000 0.035562
62.200000 0.038032
62.300000 0.040433
62.400000 0.042751
62.500000 0.044965
62.600000 0.047053
62.700000 0.048984
62.800000 0.050727
62.900000 0.052241
63.000000 0.053489
63.100000 0.054430
63.200000 0.055031
63.300000 0.055266
63.400000 0.055118
63.500000 0.054588
63.600000 0.053685
63.700000 0.052436
63.800000 0.050876
63.900000 0.049044
64.000000 0.046987
64.100000 0.044749
64.200000 0.042369
64.300000 0.039884
64.400000 0.037323
64.500000 0.034712
64.600000 0.032070
64.700000 0.029413
64.800000 0.026753
64.900000 0.024102
65.000000 0.021469
65.100000 0.018863
65.200000 0.016294
65.300000 0.013772
65.400000 0.011544
65.500000 0.014017
65.600000 0.016513
65.700000 0.019018
65.800000 0.021520
65.900000 0.024007
66.000000 0.026473
66.100000 0.028907
66.200000 0.031303
66.300000 0.033648
66.400000 0.035932
66.500000 0.038140
66.600000 0.040255
66.700000 0.042254
66.800000 0.044113
66.900000 0.045802
67.000000 0.047288
67.100000 0.048538
67.200000 0.049518
67.300000 0.050198
67.400000 0.050553
67.500000 0.050568
67.600000 0.050239
67.700000 0.049569
67.800000 0.048577
67.900000 0.047287
68.000000 0.045732
68.100000 0.043948
68.200000 0.041973
68.300000 0.039845
68.400000 0.037596
68.500000 0.035258
68.600000 0.032855
68.700000 0.030407
68.800000 0.027934
68.900000 0.025448
69.000000 0.022961
69.100000 0.020485
69.200000 0.018029
69.300000 0.015602
69.400000 0.013217
69.500000 0.010887
69.600000 0.011245
69.700000 0.013566
69.800000 0.015909
69.900000 0.018259
70.000000 0.020603
70.100000 0.022932
70.200000 0.025237
70.300000 0.027509
70.400000 0.029737
70.500000 0.031910
70.600000 0.034014
70.700000 0.036033
70.800000 0.037948
70.900000 0.039735
71.000000 0.041370
71.100000 0.042824
71.200000 0.044067
71.300000 0.045072
71.400000 0.045811
71.500000 0.046262
71.600000 0.046411
71.700000 0.046250
71.800000 0.045779
71.900000 0.045010
72.000000 0.043960
72.100000 0.042653
72.200000 0.041119
72.300000 0.039390
72.400000 0.037499
72.500000 0.035475
72.600000 0.033348
72.700000 0.031143
72.800000 0.028882
72.900000 0.026583
73.000000 0.024261
73.100000 0.021930
73.200000 0.019601
73.300000 0.017284
73.400000 0.014992
73.500000 0.012734
73.600000 0.010524
73.700000 0.008838
73.800000 0.010988
73.900000 0.013174
74.000000 0.015378
74.100000 0.017586
74.200000 0.019786
74.300000 0.021968
74.400000 0.024123
74.500000 0.026240
74.600000 0.028307
74.700000 0.030313
74.800000 0.032241
74.900000 0.034074
75.000000 0.035792
75.100000 0.037372
75.200000 0.038790
75.300000 0.040020
75.400000 0.041039
75.500000 0.041822
75.600000 0.042349
75.700000 0.042606
75.800000 0.042585
75.900000 0.042283
76.000000 0.041706
76.100000 0.040866
76.200000 0.039781
76.300000 0.038475
76.400000 0.036973
76.500000 0.035303
76.600000 0.033492
76.700000 0.031567
76.800000 0.029553
76.900000 0.027471
77.000000 0.025339
77.100000 0.023175
77.200000 0.020992
77.300000 0.018803
77.400000 0.016619
77.500000 0.014452
77.600000 0.012314
77.700000 0.010217
77.800000 0.008179
77.900000 0.008740
78.000000 0.010772
78.100000 0.012834
78.200000 0.014910
78.300000 0.016986
78.400000 0.019051
78.500000 0.021095
78.600000 0.023106
78.700000 0.025074
78.800000 0.026985
78.900000 0.028826
79.000000 0.030581
79.100000 0.032231
79.200000 0.033757
79.300000 0.035138
79.400000 0.036350
79.500000 0.037373
79.600000 0.038187
79.700000 0.038773
79.800000 0.039118
79.900000 0.039212
80.000000 0.039052
80.100000 0.038639
80.200000 0.037983
80.300000 0.037095
80.400000 0.035994
80.500000 0.034700
80.600000 0.033236
80.700000 0.031626
80.800000 0.029894
80.900000 0.028063
81.000000 0.026153
81.100000 0.024184
81.200000 0.022172
81.300000 0.020132
81.400000 0.018077
81.500000 0.016020
81.600000 0.013973
81.700000 0.011948
81.800000 0.009958
81.900000 0.008019
82.000000 0.006788
82.100000 0.008667
82.200000 0.010590
82.300000 0.012538
82.400000 0.014494
82.500000 0.016447
82.600000 0.018384
82.700000 0.020294
82.800000 0.022166
82.900000 0.023988
83.000000 0.025746
83.100000 0.027426
83.200000 0.029010
83.300000 0.030483
83.400000 0.031824
83.500000 0.033014
83.600000 0.034036
83.700000 0.034870
83.800000 0.035500
83.900000 0.035915
84.000000 0.036104
84.100000 0.036062
84.200000 0.035791
84.300000 0.035293
84.400000 0.034579
84.500000 0.033661
84.600000 0.032556
84.700000 0.031283
84.800000 0.029861
84.900000 0.028312
85.000000 0.026656
85.100000 0.024913
85.200000 0.023100
85.300000 0.021236
85.400000 0.019335
85.500000 0.017411
85.600000 0.015477
85.700000 0.013545
85.800000 0.011628
85.900000 0.009739
86.000000 0.007894
86.100000 0.006112
86.200000 0.006830
86.300000 0.008615
86.400000 0.010437
86.500000 0.012277
86.600000 0.014121
86.700000 0.015955
86.800000 0.017768
86.900000 0.019549
87.000000 0.021285
87.100000 0.022963
87.200000 0.024570
87.300000 0.026092
87.400000 0.027511
87.500000 0.028812
87.600000 0.029977
87.700000 0.030991
87.800000 0.031837
87.900000 0.032500
88.000000 0.032970
88.100000 0.033236
88.200000 0.033294
88.300000 0.033142
88.400000 0.032781
88.500000 0.032219
88.600000 0.031464
88.700000 0.030530
88.800000 0.029431
88.900000 0.028184
89.000000 0.026807
89.100000 0.025317
89.200000 0.023734
89.300000 0.022075
89.400000 0.020354
89.500000 0.018589
89.600000 0.016792
89.700000 0.014977
89.800000 0.013157
89.900000 0.011344
90.000000 0.009552
90.100000 0.007797
90.200000 0.006096
90.300000 0.005237
90.400000 0.006883
90.500000 0.008580
90.600000 0.010306
90.700000 0.012044
90.800000 0.013778
90.900000 0.015498
91.000000 0.017191
91.100000 0.018844
91.200000 0.020446
91.300000 0.021983
91.400000 0.023443
91.500000 0.024810
91.600000 0.026070
91.700000 0.027208
91.800000 0.028209
91.900000 0.029060
92.000000 0.029746
92.100000 0.030259
92.200000 0.030588
92.300000 0.030728
92.400000 0.030676
92.500000 0.030434
92.600000 0.030004
92.700000 0.029393
92.800000 0.028612
92.900000 0.027671
93.000000 0.026585
93.100000 0.025368
93.200000 0.024037
93.300000 0.022607
93.400000 0.021094
93.500000 0.019514
93.600000 0.017881
93.700000 0.016209
93.800000 0.014511
93.900000 0.012800
94.000000 0.011089
94.100000 0.009391
94.200000 0.007721
94.300000 0.006098
94.400000 0.004542
94.500000 0.005373
94.600000 0.006945
94.700000 0.008557
94.800000 0.010191
94.900000 0.011829
95.000000 0.013457
95.100000 0.015065
95.200000 0.016638
95.300000 0.018166
95.400000 0.019636
95.500000 0.021036
95.600000 0.022351
95.700000 0.023570
95.800000 0.024679
95.900000 0.025664
96.000000 0.026514
96.100000 0.027216
96.200000 0.027760
96.300000 0.028140
96.400000 0.028348
96.500000 0.028381
96.600000 0.028239
96.700000 0.027924
96.800000 0.027440
96.900000 0.026795
97.000000 0.025997
97.100000 0.025058
97.200000 0.023990
97.300000 0.022807
97.400000 0.021523
97.500000 0.020151
97.600000 0.018706
97.700000 0.017202
97.800000 0.015652
97.900000 0.014068
98.000000 0.012465
98.100000 0.010853
98.200000 0.009248
98.300000 0.007662
98.400000 0.006113
98.500000 0.004622
98.600000 0.004064
98.700000 0.005510
98.800000 0.007010
98.900000 0.008540
99.000000 0.010083
99.100000 0.011624
99.200000 0.013148
99.300000 0.014645
99.400000 0.016101
99.500000 0.017506
99.600000 0.018846
99.700000 0.020112
99.800000 0.021289
99.900000 0.022367
100.000000 0.023333
100.100000 0.024177
100.200000 0.024888
100.300000 0.025456
100.400000 0.025875
100.500000 0.026139
100.600000 0.026243
100.700000 0.026187
100.800000 0.025971
100.900000 0.025598
101.000000 0.025073
101.100000 0.024404
101.200000 0.023599
101.300000 0.022668
101.400000 0.021622
101.500000 0.020475
101.600000 0.019237
101.700000 0.017923
101.800000 0.016544
101.900000 0.015113
102.000000 0.013642
102.100000 0.012144
102.200000 0.010631
102.300000 0.009116
102.400000 0.007613
102.500000 0.006138
102.600000 0.004710
102.700000 0.003354
102.800000 0.004259
102.900000 0.005645
103.000000 0.007074
103.100000 0.008524
103.200000 0.009978
103.300000 0.011422
103.400000 0.012843
103.500000 0.014230
103.600000 0.015571
103.700000 0.016854
103.800000 0.018070
103.900000 0.019206
104.000000 0.020252
104.100000 0.021196
104.200000 0.022031
104.300000 0.022745
104.400000 0.023330
104.500000 0.023780
104.600000 0.024088
104.700000 0.024252
104.800000 0.024268
104.900000 0.024138
105.000000 0.023861
105.100000 0.023443
105.200000 0.022888
105.300000 0.022203
105.400000 0.021397
105.500000 0.020479
105.600000 0.019460
105.700000 0.018349
105.800000 0.017159
105.900000 0.015901
106.000000 0.014585
106.100000 0.013225
106.200000 0.011831
106.300000 0.010415
106.400000 0.008990
106.500000 0.007569
106.600000 0.006167
106.700000 0.004802
106.800000 0.003496
106.900000 0.003176
107.000000 0.004448
107.100000 0.005775
107.200000 0.007133
107.300000 0.008502
107.400000 0.009867
107.500000 0.011215
107.600000 0.012534
107.700000 0.013813
107.800000 0.015041
107.900000 0.016207
108.000000 0.017302
108.100000 0.018315
108.200000 0.019236
108.300000 0.020058
108.400000 0.020770
108.500000 0.021366
108.600000 0.021839
108.700000 0.022184
108.800000 0.022397
108.900000 0.022474
109.000000 0.022417
109.100000 0.022224
109.200000 0.021899
109.300000 0.021446
109.400000 0.020870
109.500000 0.020177
109.600000 0.019376
109.700000 0.018475
109.800000 0.017484
109.900000 0.016411
110.000000 0.015268
110.100000 0.014065
110.200000 0.012812
110.300000 0.011520
110.400000 0.010200
110.500000 0.008864
110.600000 0.007525
110.700000 0.006195
110.800000 0.004893
110.900000 0.003638
111.000000 0.002458
111.100000 0.003405
111.200000 0.004629
111.300000 0.005895
111.400000 0.007181
111.500000 0.008469
111.600000 0.009746
111.700000 0.010999
111.800000 0.012217
111.900000 0.013391
112.000000 0.014508
112.100000 0.015561
112.200000 0.016541
112.300000 0.017437
112.400000 0.018243
112.500000 0.018950
112.600000 0.019552
112.700000 0.020042
112.800000 0.020415
112.900000 0.020668
113.000000 0.020797
113.100000 0.020802
113.200000 0.020682
113.300000 0.020439
113.400000 0.020075
113.500000 0.019596
113.600000 0.019006
113.700000 0.018312
113.800000 0.017520
113.900000 0.016639
114.000000 0.015678
114.100000 0.014644
114.200000 0.013548
114.300000 0.012399
114.400000 0.011206
114.500000 0.009981
114.600000 0.008733
114.700000 0.007475
114.800000 0.006219
114.900000 0.004980
115.000000 0.003778
115.100000 0.002635
115.200000 0.002503
115.300000 0.003624
115.400000 0.004798
115.500000 0.006001
115.600000 0.007214
115.700000 0.008421
115.800000 0.009610
115.900000 0.010769
116.000000 0.011888
116.100000 0.012959
116.200000 0.013970
116.300000 0.014916
116.400000 0.015786
116.500000 0.016574
116.600000 0.017273
116.700000 0.017876
116.800000 0.018377
116.900000 0.018772
117.000000 0.019057
117.100000 0.019229
117.200000 0.019287
117.300000 0.019229
117.400000 0.019058
117.500000 0.018774
117.600000 0.018381
117.700000 0.017883
117.800000 0.017286
117.900000 0.016594
118.000000 0.015816
118.100000 0.014957
118.200000 0.014027
118.300000 0.013033
118.400000 0.011983
118.500000 0.010887
118.600000 0.009754
118.700000 0.008594
118.800000 0.007416
118.900000 0.006234
119.000000 0.005060
119.100000 0.003912
119.200000 0.002810
119.300000 0.001785
119.400000 0.002748
119.500000 0.003830
119.600000 0.004951
119.700000 0.006090
119.800000 0.007228
119.900000 0.008354
120.000000 0.009456
120.100000 0.010522
120.200000 0.011545
120.300000 0.012516
120.400000 0.013427
120.500000 0.014270
120.600000 0.015038
120.700000 0.015726
120.800000 0.016326
120.900000 0.016835
121.000000 0.017246
121.100000 0.017557
121.200000 0.017764
121.300000 0.017867
121.400000 0.017863
121.500000 0.017753
121.600000 0.017539
121.700000 0.017223
121.800000 0.016807
121.900000 0.016297
122.000000 0.015697
122.100000 0.015013
122.200000 0.014251
122.300000 0.013417
122.400000 0.012519
122.500000 0.011564
122.600000 0.010561
122.700000 0.009518
122.800000 0.008443
122.900000 0.007345
123.000000 0.006237
123.100000 0.005129
123.200000 0.004036
123.300000 0.002977
123.400000 0.001979
123.500000 0.001992
123.600000 0.002980
123.700000 0.004019
123.800000 0.005085
123.900000 0.006156
124.000000 0.007221
124.100000 0.008265
124.200000 0.009280
124.300000 0.010257
124.400000 0.011187
124.500000 0.012063
124.600000 0.012878
124.700000 0.013626
124.800000 0.014300
124.900000 0.014895
125.000000 0.015406
125.100000 0.015829
125.200000 0.016160
125.300000 0.016396
125.400000 0.016536
125.500000 0.016578
125.600000 0.016522
125.700000 0.016369
125.800000 0.016120
125.900000 0.015778
126.000000 0.015347
126.100000 0.014830
126.200000 0.014232
126.300000 0.013558
126.400000 0.012814
126.500000 0.012006
126.600000 0.011142
126.700000 0.010227
126.800000 0.009270
126.900000 0.008278
127.000000 0.007259
127.100000 0.006224
127.200000 0.005182
127.300000 0.004147
127.400000 0.003136
127.500000 0.002169
127.600000 0.001350
127.700000 0.002240
127.800000 0.003197
127.900000 0.004189
128.000000 0.005195
128.100000 0.006199
128.200000 0.007188
128.300000 0.008153
128.400000 0.009084
128.500000 0.009974
128.600000 0.010815
128.700000 0.011601
128.800000 0.012326
128.900000 0.012985
129.000000 0.013572
129.100000 0.014082
129.200000 0.014513
129.300000 0.014859
129.400000 0.015118
129.500000 0.015289
129.600000 0.015370
129.700000 0.015360
129.800000 0.015261
129.900000 0.015072
130.000000 0.014796
130.100000 0.014435
130.200000 0.013992
130.300000 0.013473
130.400000 0.012880
130.500000 0.012219
130.600000 0.011496
130.700000 0.010716
130.800000 0.009885
130.900000 0.009010
131.000000 0.008098
131.100000 0.007157
131.200000 0.006194
131.300000 0.005219
131.400000 0.004243
131.500000 0.003281
131.600000 0.002350
131.700000 0.001479
131.800000 0.001602
131.900000 0.002474
132.000000 0.003394
132.100000 0.004335
132.200000 0.005280
132.300000 0.006215
132.400000 0.007130
132.500000 0.008017
132.600000 0.008866
132.700000 0.009673
132.800000 0.010430
132.900000 0.011132
133.000000 0.011774
133.100000 0.012350
133.200000 0.012857
133.300000 0.013291
133.400000 0.013648
133.500000 0.013926
133.600000 0.014123
133.700000 0.014236
133.800000 0.014266
133.900000 0.014213
134.000000 0.014076
134.100000 0.013858
134.200000 0.013560
134.300000 0.013185
134.400000 0.012737
134.500000 0.012218
134.600000 0.011634
134.700000 0.010989
134.800000 0.010288
134.900000 0.009536
135.000000 0.008740
135.100000 0.007905
135.200000 0.007037
135.300000 0.006146
135.400000 0.005237
135.500000 0.004321
135.600000 0.003411
135.700000 0.002520
135.800000 0.001673
