Graphic of V norm for Mu=0.100 C=1.000 Gamma=1.400
0.000000 1.000000
0.100000 0.998595
0.200000 0.938347
0.300000 0.747172
0.400000 0.534241
0.500000 0.490571
0.600000 0.483535
0.700000 0.475745
0.800000 0.467373
0.900000 0.458673
1.000000 0.449869
1.100000 0.441118
1.200000 0.432521
1.300000 0.424138
1.400000 0.416011
1.500000 0.408204
1.600000 0.400660
1.700000 0.393416
1.800000 0.386464
1.900000 0.379795
2.000000 0.373379
2.100000 0.367259
2.200000 0.361372
2.300000 0.355713
2.400000 0.350278
2.500000 0.345074
2.600000 0.340062
2.700000 0.335160
2.800000 0.329827
2.900000 0.321202
3.000000 0.300992
3.100000 0.288554
3.200000 0.284633
3.300000 0.280861
3.400000 0.277211
3.500000 0.273627
3.600000 0.269969
3.700000 0.265946
3.800000 0.261056
3.900000 0.254639
4.000000 0.245977
4.100000 0.256097
4.200000 0.267388
4.300000 0.273606
4.400000 0.275882
4.500000 0.275490
4.600000 0.273556
4.700000 0.270940
4.800000 0.268120
4.900000 0.265321
5.000000 0.262611
5.100000 0.260005
5.200000 0.257499
5.300000 0.255079
5.400000 0.252749
5.500000 0.250485
5.600000 0.248301
5.700000 0.246177
5.800000 0.244110
5.900000 0.242109
6.000000 0.240157
6.100000 0.238256
6.200000 0.236416
6.300000 0.234637
6.400000 0.232955
6.500000 0.231457
6.600000 0.230287
6.700000 0.229723
6.800000 0.230174
6.900000 0.232141
7.000000 0.236128
7.100000 0.242551
7.200000 0.251510
7.300000 0.262860
7.400000 0.276241
7.500000 0.291208
7.600000 0.307265
7.700000 0.323893
7.800000 0.340499
7.900000 0.356357
8.000000 0.370483
8.100000 0.381624
8.200000 0.388359
8.300000 0.389489
8.400000 0.384571
8.500000 0.374216
8.600000 0.359882
8.700000 0.343241
8.800000 0.325618
8.900000 0.307842
9.000000 0.290380
9.100000 0.273510
9.200000 0.257414
9.300000 0.242249
9.400000 0.228156
9.500000 0.215281
9.600000 0.203762
9.700000 0.193723
9.800000 0.191819
9.900000 0.190533
10.000000 0.188797
10.100000 0.185980
10.200000 0.181087
10.300000 0.173148
10.400000 0.162686
10.500000 0.161682
10.600000 0.160924
10.700000 0.160311
10.800000 0.159754
10.900000 0.159239
11.000000 0.158733
11.100000 0.158225
11.200000 0.157713
11.300000 0.157194
11.400000 0.156667
11.500000 0.156129
11.600000 0.155573
11.700000 0.154992
11.800000 0.154366
11.900000 0.153663
12.000000 0.152842
12.100000 0.151841
12.200000 0.151259
12.300000 0.156627
12.400000 0.160907
12.500000 0.164161
12.600000 0.166479
12.700000 0.167976
12.800000 0.168786
12.900000 0.169046
13.000000 0.168898
13.100000 0.168463
13.200000 0.167848
13.300000 0.167127
13.400000 0.166360
13.500000 0.165579
13.600000 0.164805
13.700000 0.164050
13.800000 0.163323
13.900000 0.162633
14.000000 0.161995
14.100000 0.161432
14.200000 0.160979
14.300000 0.160689
14.400000 0.160636
14.500000 0.160914
14.600000 0.161633
14.700000 0.162916
14.800000 0.164874
14.900000 0.167599
15.000000 0.171149
15.100000 0.175538
15.200000 0.180743
15.300000 0.186701
15.400000 0.193326
15.500000 0.200533
15.600000 0.208218
15.700000 0.216273
15.800000 0.224583
15.900000 0.233025
16.000000 0.241454
16.100000 0.249692
16.200000 0.257509
16.300000 0.264619
16.400000 0.270665
16.500000 0.275254
16.600000 0.278004
16.700000 0.278623
16.800000 0.276993
16.900000 0.273204
17.000000 0.267550
17.100000 0.260449
17.200000 0.252350
17.300000 0.243651
17.400000 0.234650
17.500000 0.225556
17.600000 0.216514
17.700000 0.207616
17.800000 0.198931
17.900000 0.190513
18.000000 0.182410
18.100000 0.174665
18.200000 0.167319
18.300000 0.160417
18.400000 0.154002
18.500000 0.148116
18.600000 0.142796
18.700000 0.138073
18.800000 0.133968
18.900000 0.130479
19.000000 0.127595
19.100000 0.125265
19.200000 0.123442
19.300000 0.122049
19.400000 0.121011
19.500000 0.120248
19.600000 0.119693
19.700000 0.119284
19.800000 0.118973
19.900000 0.118720
20.000000 0.118495
20.100000 0.118269
20.200000 0.118018
20.300000 0.117722
20.400000 0.117354
20.500000 0.119636
20.600000 0.122711
20.700000 0.125290
20.800000 0.127397
20.900000 0.129058
21.000000 0.130310
21.100000 0.131197
21.200000 0.131765
21.300000 0.132064
21.400000 0.132150
21.500000 0.132068
21.600000 0.131868
21.700000 0.131591
21.800000 0.131275
21.900000 0.130958
22.000000 0.130670
22.100000 0.130446
22.200000 0.130322
22.300000 0.130339
22.400000 0.130534
22.500000 0.130967
22.600000 0.131682
22.700000 0.132729
22.800000 0.134157
22.900000 0.135997
23.000000 0.138273
23.100000 0.140994
23.200000 0.144155
23.300000 0.147739
23.400000 0.151718
23.500000 0.156057
23.600000 0.160717
23.700000 0.165660
23.800000 0.170839
23.900000 0.176212
24.000000 0.181729
24.100000 0.187340
24.200000 0.192989
24.300000 0.198605
24.400000 0.204108
24.500000 0.209396
24.600000 0.214341
24.700000 0.218792
24.800000 0.222572
24.900000 0.225493
25.000000 0.227375
25.100000 0.228075
25.200000 0.227513
25.300000 0.225690
25.400000 0.222700
25.500000 0.218705
25.600000 0.213912
25.700000 0.208538
25.800000 0.202775
25.900000 0.196779
26.000000 0.190665
26.100000 0.184521
26.200000 0.178404
26.300000 0.172362
26.400000 0.166427
26.500000 0.160627
26.600000 0.154987
26.700000 0.149527
26.800000 0.144269
26.900000 0.139235
27.000000 0.134444
27.100000 0.129919
27.200000 0.125681
27.300000 0.121749
27.400000 0.118140
27.500000 0.114871
27.600000 0.111950
27.700000 0.109383
27.800000 0.107165
27.900000 0.105284
28.000000 0.103719
28.100000 0.102441
28.200000 0.101415
28.300000 0.100600
28.400000 0.099954
28.500000 0.099436
28.600000 0.099007
28.700000 0.098628
28.800000 0.100284
28.900000 0.102557
29.000000 0.104536
29.100000 0.106226
29.200000 0.107641
29.300000 0.108795
29.400000 0.109708
29.500000 0.110404
29.600000 0.110908
29.700000 0.111250
29.800000 0.111461
29.900000 0.111574
30.000000 0.111623
30.100000 0.111644
30.200000 0.111671
30.300000 0.111742
30.400000 0.111892
30.500000 0.112157
30.600000 0.112571
30.700000 0.113166
30.800000 0.113971
30.900000 0.115010
31.000000 0.116302
31.100000 0.117860
31.200000 0.119691
31.300000 0.121793
31.400000 0.124157
31.500000 0.126779
31.600000 0.129643
31.700000 0.132731
31.800000 0.136023
31.900000 0.139501
32.000000 0.143143
32.100000 0.146927
32.200000 0.150832
32.300000 0.154833
32.400000 0.158905
32.500000 0.163020
32.600000 0.167149
32.700000 0.171253
32.800000 0.175285
32.900000 0.179190
33.000000 0.182891
33.100000 0.186298
33.200000 0.189285
33.300000 0.191704
33.400000 0.193382
33.500000 0.194151
33.600000 0.193886
33.700000 0.192551
33.800000 0.190227
33.900000 0.187081
34.000000 0.183311
34.100000 0.179108
34.200000 0.174623
34.300000 0.169971
34.400000 0.165232
34.500000 0.160461
34.600000 0.155700
34.700000 0.150979
34.800000 0.146321
34.900000 0.141742
35.000000 0.137261
35.100000 0.132890
35.200000 0.128644
35.300000 0.124533
35.400000 0.120571
35.500000 0.116771
35.600000 0.113145
35.700000 0.109704
35.800000 0.106463
35.900000 0.103430
36.000000 0.100615
36.100000 0.098029
36.200000 0.095675
36.300000 0.093555
36.400000 0.091668
36.500000 0.090009
36.600000 0.088563
36.700000 0.087315
36.800000 0.086247
36.900000 0.085331
37.000000 0.084540
37.100000 0.083843
37.200000 0.084128
37.300000 0.085970
37.400000 0.087614
37.500000 0.089064
37.600000 0.090324
37.700000 0.091406
37.800000 0.092317
37.900000 0.093074
38.000000 0.093694
38.100000 0.094195
38.200000 0.094598
38.300000 0.094929
38.400000 0.095213
38.500000 0.095477
38.600000 0.095749
38.700000 0.096058
38.800000 0.096430
38.900000 0.096891
39.000000 0.097466
39.100000 0.098178
39.200000 0.099042
39.300000 0.100073
39.400000 0.101278
39.500000 0.102667
39.600000 0.104238
39.700000 0.105990
39.800000 0.107921
39.900000 0.110021
40.000000 0.112284
40.100000 0.114698
40.200000 0.117254
40.300000 0.119939
40.400000 0.122742
40.500000 0.125649
40.600000 0.128647
40.700000 0.131722
40.800000 0.134860
40.900000 0.138045
41.000000 0.141257
41.100000 0.144476
41.200000 0.147672
41.300000 0.150808
41.400000 0.153832
41.500000 0.156673
41.600000 0.159229
41.700000 0.161362
41.800000 0.162905
41.900000 0.163681
42.000000 0.163555
42.100000 0.162485
42.200000 0.160546
42.300000 0.157906
42.400000 0.154757
42.500000 0.151274
42.600000 0.147587
42.700000 0.143786
42.800000 0.139933
42.900000 0.136069
43.000000 0.132219
43.100000 0.128405
43.200000 0.124641
43.300000 0.120939
43.400000 0.117310
43.500000 0.113764
43.600000 0.110307
43.700000 0.106951
43.800000 0.103702
43.900000 0.100570
44.000000 0.097561
44.100000 0.094685
44.200000 0.091949
44.300000 0.089360
44.400000 0.086926
44.500000 0.084652
44.600000 0.082541
44.700000 0.080598
44.800000 0.078821
44.900000 0.077208
45.000000 0.075753
45.100000 0.074449
45.200000 0.073281
45.300000 0.072236
45.400000 0.071294
45.500000 0.070433
45.600000 0.069633
45.700000 0.070022
45.800000 0.071582
45.900000 0.073002
46.000000 0.074284
46.100000 0.075431
46.200000 0.076453
46.300000 0.077355
46.400000 0.078149
46.500000 0.078846
46.600000 0.079461
46.700000 0.080011
46.800000 0.080513
46.900000 0.080985
47.000000 0.081448
47.100000 0.081923
47.200000 0.082431
47.300000 0.082990
47.400000 0.083620
47.500000 0.084338
47.600000 0.085157
47.700000 0.086090
47.800000 0.087144
47.900000 0.088327
48.000000 0.089642
48.100000 0.091087
48.200000 0.092664
48.300000 0.094366
48.400000 0.096193
48.500000 0.098136
48.600000 0.100189
48.700000 0.102344
48.800000 0.104593
48.900000 0.106929
49.000000 0.109342
49.100000 0.111822
49.200000 0.114360
49.300000 0.116944
49.400000 0.119559
49.500000 0.122190
49.600000 0.124814
49.700000 0.127400
49.800000 0.129907
49.900000 0.132272
50.000000 0.134411
50.100000 0.136214
50.200000 0.137548
50.300000 0.138277
50.400000 0.138297
50.500000 0.137565
50.600000 0.136125
50.700000 0.134085
50.800000 0.131590
50.900000 0.128783
51.000000 0.125777
51.100000 0.122659
51.200000 0.119484
51.300000 0.116292
51.400000 0.113108
51.500000 0.109951
51.600000 0.106832
51.700000 0.103763
51.800000 0.100750
51.900000 0.097802
52.000000 0.094924
52.100000 0.092123
52.200000 0.089404
52.300000 0.086774
52.400000 0.084238
52.500000 0.081803
52.600000 0.079472
52.700000 0.077252
52.800000 0.075147
52.900000 0.073160
53.000000 0.071296
53.100000 0.069553
53.200000 0.067935
53.300000 0.066435
53.400000 0.065053
53.500000 0.063782
53.600000 0.062613
53.700000 0.061536
53.800000 0.060538
53.900000 0.059604
54.000000 0.058718
54.100000 0.057865
54.200000 0.058445
54.300000 0.059848
54.400000 0.061148
54.500000 0.062347
54.600000 0.063448
54.700000 0.064457
54.800000 0.065379
54.900000 0.066224
55.000000 0.066999
55.100000 0.067714
55.200000 0.068383
55.300000 0.069019
55.400000 0.069633
55.500000 0.070242
55.600000 0.070861
55.700000 0.071503
55.800000 0.072183
55.900000 0.072915
56.000000 0.073710
56.100000 0.074581
56.200000 0.075533
56.300000 0.076575
56.400000 0.077711
56.500000 0.078944
56.600000 0.080274
56.700000 0.081702
56.800000 0.083225
56.900000 0.084840
57.000000 0.086544
57.100000 0.088331
57.200000 0.090197
57.300000 0.092135
57.400000 0.094139
57.500000 0.096202
57.600000 0.098315
57.700000 0.100470
57.800000 0.102655
57.900000 0.104854
58.000000 0.107049
58.100000 0.109213
58.200000 0.111307
58.300000 0.113283
58.400000 0.115070
58.500000 0.116585
58.600000 0.117729
58.700000 0.118406
58.800000 0.118538
58.900000 0.118088
59.000000 0.117072
59.100000 0.115553
59.200000 0.113625
59.300000 0.111394
59.400000 0.108956
59.500000 0.106387
59.600000 0.103745
59.700000 0.101068
59.800000 0.098386
59.900000 0.095717
60.000000 0.093075
60.100000 0.090469
60.200000 0.087907
60.300000 0.085395
60.400000 0.082939
60.500000 0.080544
60.600000 0.078214
60.700000 0.075954
60.800000 0.073768
60.900000 0.071660
61.000000 0.069634
61.100000 0.067692
61.200000 0.065840
61.300000 0.064077
61.400000 0.062407
61.500000 0.060829
61.600000 0.059345
61.700000 0.057950
61.800000 0.056644
61.900000 0.055420
62.000000 0.054274
62.100000 0.053196
62.200000 0.052178
62.300000 0.051209
62.400000 0.050279
62.500000 0.049374
62.600000 0.048484
62.700000 0.049461
62.800000 0.050753
62.900000 0.051967
63.000000 0.053106
63.100000 0.054172
63.200000 0.055170
63.300000 0.056104
63.400000 0.056980
63.500000 0.057806
63.600000 0.058589
63.700000 0.059337
63.800000 0.060061
63.900000 0.060770
64.000000 0.061475
64.100000 0.062187
64.200000 0.062916
64.300000 0.063672
64.400000 0.064466
64.500000 0.065306
64.600000 0.066201
64.700000 0.067155
64.800000 0.068175
64.900000 0.069267
65.000000 0.070428
65.100000 0.071664
65.200000 0.072974
65.300000 0.074356
65.400000 0.075809
65.500000 0.077330
65.600000 0.078917
65.700000 0.080563
65.800000 0.082266
65.900000 0.084019
66.000000 0.085815
66.100000 0.087647
66.200000 0.089504
66.300000 0.091373
66.400000 0.093235
66.500000 0.095068
66.600000 0.096839
66.700000 0.098506
66.800000 0.100014
66.900000 0.101301
67.000000 0.102294
67.100000 0.102924
67.200000 0.103132
67.300000 0.102888
67.400000 0.102191
67.500000 0.101075
67.600000 0.099599
67.700000 0.097837
67.800000 0.095863
67.900000 0.093743
68.000000 0.091529
68.100000 0.089263
68.200000 0.086974
68.300000 0.084683
68.400000 0.082406
68.500000 0.080152
68.600000 0.077931
68.700000 0.075749
68.800000 0.073610
68.900000 0.071520
69.000000 0.069482
69.100000 0.067500
69.200000 0.065576
69.300000 0.063715
69.400000 0.061918
69.500000 0.060189
69.600000 0.058529
69.700000 0.056938
69.800000 0.055420
69.900000 0.053974
70.000000 0.052597
70.100000 0.051290
70.200000 0.050049
70.300000 0.048873
70.400000 0.047754
70.500000 0.046688
70.600000 0.045668
70.700000 0.044686
70.800000 0.043735
70.900000 0.042806
71.000000 0.041890
71.100000 0.041228
71.200000 0.042493
71.300000 0.043698
71.400000 0.044844
71.500000 0.045932
71.600000 0.046965
71.700000 0.047947
71.800000 0.048881
71.900000 0.049772
72.000000 0.050626
72.100000 0.051447
72.200000 0.052244
72.300000 0.053022
72.400000 0.053789
72.500000 0.054554
72.600000 0.055323
72.700000 0.056104
72.800000 0.056907
72.900000 0.057736
73.000000 0.058598
73.100000 0.059501
73.200000 0.060448
73.300000 0.061445
73.400000 0.062493
73.500000 0.063596
73.600000 0.064755
73.700000 0.065970
73.800000 0.067241
73.900000 0.068567
74.000000 0.069945
74.100000 0.071373
74.200000 0.072848
74.300000 0.074364
74.400000 0.075916
74.500000 0.077498
74.600000 0.079099
74.700000 0.080708
74.800000 0.082309
74.900000 0.083881
75.000000 0.085397
75.100000 0.086822
75.200000 0.088114
75.300000 0.089224
75.400000 0.090098
75.500000 0.090686
75.600000 0.090943
75.700000 0.090843
75.800000 0.090378
75.900000 0.089565
76.000000 0.088440
76.100000 0.087052
76.200000 0.085456
76.300000 0.083705
76.400000 0.081845
76.500000 0.079916
76.600000 0.077947
76.700000 0.075960
76.800000 0.073974
76.900000 0.072000
77.000000 0.070046
77.100000 0.068121
77.200000 0.066229
77.300000 0.064375
77.400000 0.062563
77.500000 0.060796
77.600000 0.059076
77.700000 0.057405
77.800000 0.055786
77.900000 0.054221
78.000000 0.052710
78.100000 0.051256
78.200000 0.049857
78.300000 0.048514
78.400000 0.047226
78.500000 0.045992
78.600000 0.044810
78.700000 0.043677
78.800000 0.042588
78.900000 0.041541
79.000000 0.040531
79.100000 0.039550
79.200000 0.038593
79.300000 0.037656
79.400000 0.036730
79.500000 0.035810
79.600000 0.035839
79.700000 0.037019
79.800000 0.038152
79.900000 0.039240
80.000000 0.040283
80.100000 0.041284
80.200000 0.042246
80.300000 0.043172
80.400000 0.044065
80.500000 0.044929
80.600000 0.045770
80.700000 0.046593
80.800000 0.047401
80.900000 0.048202
81.000000 0.049000
81.100000 0.049802
81.200000 0.050613
81.300000 0.051439
81.400000 0.052285
81.500000 0.053156
81.600000 0.054057
81.700000 0.054991
81.800000 0.055963
81.900000 0.056974
82.000000 0.058026
82.100000 0.059120
82.200000 0.060257
82.300000 0.061438
82.400000 0.062659
82.500000 0.063921
82.600000 0.065220
82.700000 0.066553
82.800000 0.067916
82.900000 0.069300
83.000000 0.070700
83.100000 0.072103
83.200000 0.073496
83.300000 0.074861
83.400000 0.076175
83.500000 0.077410
83.600000 0.078532
83.700000 0.079504
83.800000 0.080285
83.900000 0.080835
84.000000 0.081122
84.100000 0.081122
84.200000 0.080826
84.300000 0.080241
84.400000 0.079386
84.500000 0.078294
84.600000 0.077004
84.700000 0.075557
84.800000 0.073993
84.900000 0.072346
85.000000 0.070645
85.100000 0.068912
85.200000 0.067167
85.300000 0.065421
85.400000 0.063685
85.500000 0.061968
85.600000 0.060275
85.700000 0.058610
85.800000 0.056978
85.900000 0.055382
86.000000 0.053823
86.100000 0.052304
86.200000 0.050827
86.300000 0.049392
86.400000 0.048001
86.500000 0.046655
86.600000 0.045353
86.700000 0.044096
86.800000 0.042882
86.900000 0.041710
87.000000 0.040580
87.100000 0.039487
87.200000 0.038431
87.300000 0.037407
87.400000 0.036411
87.500000 0.035440
87.600000 0.034490
87.700000 0.033555
87.800000 0.032630
87.900000 0.031712
88.000000 0.030795
88.100000 0.031542
88.200000 0.032651
88.300000 0.033724
88.400000 0.034761
88.500000 0.035763
88.600000 0.036733
88.700000 0.037672
88.800000 0.038583
88.900000 0.039470
89.000000 0.040335
89.100000 0.041182
89.200000 0.042015
89.300000 0.042837
89.400000 0.043654
89.500000 0.044469
89.600000 0.045286
89.700000 0.046110
89.800000 0.046946
89.900000 0.047797
90.000000 0.048667
90.100000 0.049559
90.200000 0.050476
90.300000 0.051421
90.400000 0.052396
90.500000 0.053403
90.600000 0.054442
90.700000 0.055513
90.800000 0.056617
90.900000 0.057751
91.000000 0.058915
91.100000 0.060105
91.200000 0.061317
91.300000 0.062547
91.400000 0.063785
91.500000 0.065024
91.600000 0.066251
91.700000 0.067451
91.800000 0.068605
91.900000 0.069690
92.000000 0.070678
92.100000 0.071541
92.200000 0.072246
92.300000 0.072764
92.400000 0.073068
92.500000 0.073139
92.600000 0.072967
92.700000 0.072551
92.800000 0.071905
92.900000 0.071047
93.000000 0.070005
93.100000 0.068811
93.200000 0.067495
93.300000 0.066088
93.400000 0.064615
93.500000 0.063099
93.600000 0.061557
93.700000 0.060005
93.800000 0.058452
93.900000 0.056908
94.000000 0.055380
94.100000 0.053871
94.200000 0.052387
94.300000 0.050930
94.400000 0.049503
94.500000 0.048108
94.600000 0.046746
94.700000 0.045418
94.800000 0.044126
94.900000 0.042869
95.000000 0.041648
95.100000 0.040463
95.200000 0.039312
95.300000 0.038195
95.400000 0.037111
95.500000 0.036058
95.600000 0.035033
95.700000 0.034034
95.800000 0.033059
95.900000 0.032104
96.000000 0.031165
96.100000 0.030240
96.200000 0.029325
96.300000 0.028416
96.400000 0.027509
96.500000 0.026985
96.600000 0.028065
96.700000 0.029115
96.800000 0.030135
96.900000 0.031126
97.000000 0.032091
97.100000 0.033030
97.200000 0.033945
97.300000 0.034839
97.400000 0.035714
97.500000 0.036571
97.600000 0.037415
97.700000 0.038248
97.800000 0.039074
97.900000 0.039894
98.000000 0.040714
98.100000 0.041536
98.200000 0.042362
98.300000 0.043198
98.400000 0.044045
98.500000 0.044906
98.600000 0.045784
98.700000 0.046682
98.800000 0.047600
98.900000 0.048542
99.000000 0.049506
99.100000 0.050495
99.200000 0.051508
99.300000 0.052544
99.400000 0.053603
99.500000 0.054680
99.600000 0.055774
99.700000 0.056880
99.800000 0.057990
99.900000 0.059098
100.000000 0.060192
100.100000 0.061260
100.200000 0.062285
100.300000 0.063250
100.400000 0.064132
100.500000 0.064907
100.600000 0.065552
100.700000 0.066042
100.800000 0.066355
100.900000 0.066477
101.000000 0.066395
101.100000 0.066109
101.200000 0.065624
101.300000 0.064952
101.400000 0.064111
101.500000 0.063126
101.600000 0.062020
101.700000 0.060817
101.800000 0.059541
101.900000 0.058213
102.000000 0.056848
102.100000 0.055463
102.200000 0.054068
102.300000 0.052672
102.400000 0.051283
102.500000 0.049907
102.600000 0.048547
102.700000 0.047208
102.800000 0.045891
102.900000 0.044600
103.000000 0.043334
103.100000 0.042097
103.200000 0.040887
103.300000 0.039707
103.400000 0.038555
103.500000 0.037432
103.600000 0.036337
103.700000 0.035268
103.800000 0.034227
103.900000 0.033210
104.000000 0.032217
104.100000 0.031245
104.200000 0.030292
104.300000 0.029356
104.400000 0.028434
104.500000 0.027524
104.600000 0.026623
104.700000 0.025728
104.800000 0.024835
104.900000 0.023944
105.000000 0.024193
105.100000 0.025215
105.200000 0.026212
105.300000 0.027186
105.400000 0.028137
105.500000 0.029067
105.600000 0.029976
105.700000 0.030867
105.800000 0.031740
105.900000 0.032599
106.000000 0.033445
106.100000 0.034280
106.200000 0.035107
106.300000 0.035927
106.400000 0.036745
106.500000 0.037561
106.600000 0.038378
106.700000 0.039200
106.800000 0.040028
106.900000 0.040865
107.000000 0.041713
107.100000 0.042574
107.200000 0.043449
107.300000 0.044340
107.400000 0.045248
107.500000 0.046173
107.600000 0.047116
107.700000 0.048075
107.800000 0.049050
107.900000 0.050039
108.000000 0.051039
108.100000 0.052046
108.200000 0.053053
108.300000 0.054055
108.400000 0.055043
108.500000 0.056004
108.600000 0.056927
108.700000 0.057796
108.800000 0.058592
108.900000 0.059298
109.000000 0.059893
109.100000 0.060358
109.200000 0.060677
109.300000 0.060834
109.400000 0.060822
109.500000 0.060635
109.600000 0.060275
109.700000 0.059751
109.800000 0.059075
109.900000 0.058263
110.000000 0.057333
110.100000 0.056306
110.200000 0.055201
110.300000 0.054036
110.400000 0.052828
110.500000 0.051589
110.600000 0.050332
110.700000 0.049066
110.800000 0.047800
110.900000 0.046538
111.000000 0.045286
111.100000 0.044048
111.200000 0.042827
111.300000 0.041624
111.400000 0.040442
111.500000 0.039281
111.600000 0.038143
111.700000 0.037028
111.800000 0.035937
111.900000 0.034868
112.000000 0.033823
112.100000 0.032800
112.200000 0.031798
112.300000 0.030816
112.400000 0.029854
112.500000 0.028909
112.600000 0.027980
112.700000 0.027065
112.800000 0.026163
112.900000 0.025271
113.000000 0.024386
113.100000 0.023508
113.200000 0.022633
113.300000 0.021760
113.400000 0.020888
113.500000 0.021879
113.600000 0.022850
113.700000 0.023801
113.800000 0.024734
113.900000 0.025648
114.000000 0.026545
114.100000 0.027426
114.200000 0.028291
114.300000 0.029144
114.400000 0.029985
114.500000 0.030815
114.600000 0.031638
114.700000 0.032453
114.800000 0.033264
114.900000 0.034072
115.000000 0.034879
115.100000 0.035687
115.200000 0.036499
115.300000 0.037315
115.400000 0.038138
115.500000 0.038969
115.600000 0.039810
115.700000 0.040661
115.800000 0.041524
115.900000 0.042399
116.000000 0.043286
116.100000 0.044184
116.200000 0.045093
116.300000 0.046011
116.400000 0.046935
116.500000 0.047862
116.600000 0.048787
116.700000 0.049703
116.800000 0.050604
116.900000 0.051481
117.000000 0.052321
117.100000 0.053112
117.200000 0.053840
117.300000 0.054489
117.400000 0.055044
117.500000 0.055488
117.600000 0.055809
117.700000 0.055993
117.800000 0.056032
117.900000 0.055922
118.000000 0.055662
118.100000 0.055257
118.200000 0.054715
118.300000 0.054047
118.400000 0.053266
118.500000 0.052390
118.600000 0.051434
118.700000 0.050413
118.800000 0.049342
118.900000 0.048234
119.000000 0.047101
119.100000 0.045951
119.200000 0.044793
119.300000 0.043633
119.400000 0.042477
119.500000 0.041328
119.600000 0.040190
119.700000 0.039066
119.800000 0.037956
119.900000 0.036864
120.000000 0.035788
120.100000 0.034732
120.200000 0.033694
120.300000 0.032675
120.400000 0.031674
120.500000 0.030692
120.600000 0.029727
120.700000 0.028779
120.800000 0.027847
120.900000 0.026929
121.000000 0.026025
121.100000 0.025133
121.200000 0.024252
121.300000 0.023379
121.400000 0.022514
121.500000 0.021655
121.600000 0.020799
121.700000 0.019946
121.800000 0.019093
121.900000 0.018998
122.000000 0.019941
122.100000 0.020867
122.200000 0.021777
122.300000 0.022672
122.400000 0.023552
122.500000 0.024418
122.600000 0.025272
122.700000 0.026113
122.800000 0.026944
122.900000 0.027766
123.000000 0.028579
123.100000 0.029385
123.200000 0.030187
123.300000 0.030984
123.400000 0.031779
123.500000 0.032574
123.600000 0.033369
123.700000 0.034167
123.800000 0.034968
123.900000 0.035774
124.000000 0.036585
124.100000 0.037404
124.200000 0.038230
124.300000 0.039063
124.400000 0.039905
124.500000 0.040754
124.600000 0.041609
124.700000 0.042469
124.800000 0.043332
124.900000 0.044194
125.000000 0.045051
125.100000 0.045899
125.200000 0.046730
125.300000 0.047537
125.400000 0.048310
125.500000 0.049038
125.600000 0.049711
125.700000 0.050314
125.800000 0.050836
125.900000 0.051263
126.000000 0.051584
126.100000 0.051788
126.200000 0.051867
126.300000 0.051818
126.400000 0.051638
126.500000 0.051329
126.600000 0.050897
126.700000 0.050348
126.800000 0.049695
126.900000 0.048949
127.000000 0.048122
127.100000 0.047228
127.200000 0.046280
127.300000 0.045289
127.400000 0.044266
127.500000 0.043221
127.600000 0.042161
127.700000 0.041093
127.800000 0.040023
127.900000 0.038955
128.000000 0.037892
128.100000 0.036838
128.200000 0.035794
128.300000 0.034762
128.400000 0.033744
128.500000 0.032740
128.600000 0.031750
128.700000 0.030776
128.800000 0.029817
128.900000 0.028873
129.000000 0.027943
129.100000 0.027027
129.200000 0.026124
129.300000 0.025234
129.400000 0.024355
129.500000 0.023486
129.600000 0.022627
129.700000 0.021775
129.800000 0.020930
129.900000 0.020091
130.000000 0.019255
130.100000 0.018422
130.200000 0.017591
130.300000 0.016760
130.400000 0.017403
130.500000 0.018302
130.600000 0.019188
130.700000 0.020061
130.800000 0.020921
130.900000 0.021770
131.000000 0.022608
131.100000 0.023435
131.200000 0.024252
131.300000 0.025061
131.400000 0.025863
131.500000 0.026657
131.600000 0.027447
131.700000 0.028232
131.800000 0.029014
131.900000 0.029794
132.000000 0.030573
132.100000 0.031352
132.200000 0.032133
132.300000 0.032917
132.400000 0.033703
132.500000 0.034494
132.600000 0.035288
132.700000 0.036088
132.800000 0.036891
132.900000 0.037699
133.000000 0.038510
133.100000 0.039322
133.200000 0.040134
133.300000 0.040943
133.400000 0.041746
133.500000 0.042536
133.600000 0.043310
133.700000 0.044060
133.800000 0.044778
133.900000 0.045456
134.000000 0.046083
134.100000 0.046650
134.200000 0.047144
134.300000 0.047556
134.400000 0.047877
134.500000 0.048096
134.600000 0.048207
134.700000 0.048206
134.800000 0.048090
134.900000 0.047860
135.000000 0.047518
135.100000 0.047071
135.200000 0.046525
135.300000 0.045891
135.400000 0.045177
135.500000 0.044396
135.600000 0.043557
135.700000 0.042672
135.800000 0.041750
135.900000 0.040800
136.000000 0.039830
136.100000 0.038846
136.200000 0.037854
136.300000 0.036860
136.400000 0.035866
136.500000 0.034876
136.600000 0.033891
136.700000 0.032916
136.800000 0.031949
136.900000 0.030994
137.000000 0.030049
137.100000 0.029116
137.200000 0.028196
137.300000 0.027288
137.400000 0.026391
137.500000 0.025505
137.600000 0.024631
137.700000 0.023768
137.800000 0.022913
137.900000 0.022068
138.000000 0.021231
138.100000 0.020401
138.200000 0.019577
138.300000 0.018758
138.400000 0.017943
138.500000 0.017131
138.600000 0.016321
138.700000 0.015512
138.800000 0.015173
138.900000 0.016044
139.000000 0.016905
139.100000 0.017754
139.200000 0.018593
139.300000 0.019422
139.400000 0.020242
139.500000 0.021052
139.600000 0.021854
139.700000 0.022648
139.800000 0.023435
139.900000 0.024216
140.000000 0.024992
140.100000 0.025763
140.200000 0.026530
140.300000 0.027295
140.400000 0.028058
140.500000 0.028820
140.600000 0.029582
140.700000 0.030344
140.800000 0.031108
140.900000 0.031874
141.000000 0.032641
141.100000 0.033411
141.200000 0.034182
141.300000 0.034955
141.400000 0.035728
141.500000 0.036501
141.600000 0.037271
141.700000 0.038035
141.800000 0.038791
141.900000 0.039535
142.000000 0.040261
142.100000 0.040964
142.200000 0.041638
142.300000 0.042274
142.400000 0.042864
142.500000 0.043400
142.600000 0.043872
142.700000 0.044272
142.800000 0.044591
142.900000 0.044822
143.000000 0.044959
143.100000 0.044997
143.200000 0.044933
143.300000 0.044768
143.400000 0.044502
143.500000 0.044140
143.600000 0.043686
143.700000 0.043148
143.800000 0.042533
143.900000 0.041851
144.000000 0.041111
144.100000 0.040321
144.200000 0.039491
144.300000 0.038628
144.400000 0.037741
144.500000 0.036835
144.600000 0.035916
144.700000 0.034990
144.800000 0.034059
144.900000 0.033128
145.000000 0.032200
145.100000 0.031276
145.200000 0.030358
145.300000 0.029447
145.400000 0.028545
145.500000 0.027651
145.600000 0.026767
145.700000 0.025893
145.800000 0.025028
145.900000 0.024172
146.000000 0.023326
146.100000 0.022488
146.200000 0.021659
146.300000 0.020837
146.400000 0.020022
146.500000 0.019214
146.600000 0.018411
146.700000 0.017613
146.800000 0.016818
146.900000 0.016027
147.000000 0.015239
147.100000 0.014452
147.200000 0.013666
147.300000 0.014046
147.400000 0.014879
147.500000 0.015704
147.600000 0.016521
147.700000 0.017329
147.800000 0.018128
147.900000 0.018920
148.000000 0.019705
148.100000 0.020482
148.200000 0.021254
148.300000 0.022019
148.400000 0.022780
148.500000 0.023535
148.600000 0.024288
148.700000 0.025037
148.800000 0.025783
148.900000 0.026528
149.000000 0.027272
149.100000 0.028015
149.200000 0.028757
149.300000 0.029500
149.400000 0.030243
149.500000 0.030986
149.600000 0.031729
149.700000 0.032472
149.800000 0.033213
149.900000 0.033952
150.000000 0.034685
150.100000 0.035412
150.200000 0.036130
150.300000 0.036834
150.400000 0.037520
150.500000 0.038184
150.600000 0.038820
150.700000 0.039422
150.800000 0.039981
150.900000 0.040492
151.000000 0.040945
151.100000 0.041335
151.200000 0.041653
151.300000 0.041894
151.400000 0.042051
151.500000 0.042121
151.600000 0.042101
151.700000 0.041989
151.800000 0.041787
151.900000 0.041496
152.000000 0.041121
152.100000 0.040667
152.200000 0.040139
152.300000 0.039545
152.400000 0.038892
152.500000 0.038189
152.600000 0.037442
152.700000 0.036660
152.800000 0.035849
152.900000 0.035016
153.000000 0.034165
153.100000 0.033303
153.200000 0.032433
153.300000 0.031558
153.400000 0.030681
153.500000 0.029806
153.600000 0.028934
153.700000 0.028066
153.800000 0.027203
153.900000 0.026346
154.000000 0.025497
154.100000 0.024655
154.200000 0.023821
154.300000 0.022994
154.400000 0.022174
154.500000 0.021362
154.600000 0.020557
154.700000 0.019759
154.800000 0.018966
154.900000 0.018179
155.000000 0.017397
155.100000 0.016620
155.200000 0.015847
155.300000 0.015076
155.400000 0.014309
155.500000 0.013544
155.600000 0.012780
155.700000 0.012268
155.800000 0.013074
155.900000 0.013874
156.000000 0.014666
156.100000 0.015452
156.200000 0.016231
156.300000 0.017003
156.400000 0.017769
156.500000 0.018529
156.600000 0.019284
156.700000 0.020033
156.800000 0.020777
156.900000 0.021517
157.000000 0.022253
157.100000 0.022986
157.200000 0.023716
157.300000 0.024444
157.400000 0.025169
157.500000 0.025893
157.600000 0.026616
157.700000 0.027338
157.800000 0.028059
157.900000 0.028778
158.000000 0.029496
158.100000 0.030212
158.200000 0.030925
158.300000 0.031633
158.400000 0.032336
158.500000 0.033031
158.600000 0.033715
158.700000 0.034385
158.800000 0.035038
158.900000 0.035669
159.000000 0.036274
159.100000 0.036846
159.200000 0.037380
159.300000 0.037869
159.400000 0.038307
159.500000 0.038688
159.600000 0.039005
159.700000 0.039254
159.800000 0.039428
159.900000 0.039524
160.000000 0.039540
160.100000 0.039473
160.200000 0.039325
160.300000 0.039096
160.400000 0.038788
160.500000 0.038406
160.600000 0.037954
160.700000 0.037438
160.800000 0.036864
160.900000 0.036239
161.000000 0.035569
161.100000 0.034861
161.200000 0.034122
161.300000 0.033356
161.400000 0.032570
161.500000 0.031768
161.600000 0.030954
161.700000 0.030132
161.800000 0.029306
161.900000 0.028477
162.000000 0.027648
162.100000 0.026820
162.200000 0.025995
162.300000 0.025175
162.400000 0.024359
162.500000 0.023548
162.600000 0.022743
162.700000 0.021944
162.800000 0.021151
162.900000 0.020364
163.000000 0.019583
163.100000 0.018808
163.200000 0.018037
163.300000 0.017271
163.400000 0.016511
163.500000 0.015754
163.600000 0.015001
163.700000 0.014251
163.800000 0.013504
163.900000 0.012760
164.000000 0.012018
164.100000 0.011278
164.200000 0.011458
164.300000 0.012232
164.400000 0.013000
164.500000 0.013763
164.600000 0.014520
164.700000 0.015272
164.800000 0.016019
164.900000 0.016760
165.000000 0.017497
165.100000 0.018229
165.200000 0.018956
165.300000 0.019680
165.400000 0.020399
165.500000 0.021116
165.600000 0.021829
165.700000 0.022540
165.800000 0.023248
165.900000 0.023954
166.000000 0.024658
166.100000 0.025360
166.200000 0.026060
166.300000 0.026757
166.400000 0.027452
166.500000 0.028144
166.600000 0.028831
166.700000 0.029514
166.800000 0.030189
166.900000 0.030855
167.000000 0.031511
167.100000 0.032152
167.200000 0.032776
167.300000 0.033379
167.400000 0.033957
167.500000 0.034504
167.600000 0.035016
167.700000 0.035487
167.800000 0.035913
167.900000 0.036286
168.000000 0.036602
168.100000 0.036857
168.200000 0.037045
168.300000 0.037163
168.400000 0.037209
168.500000 0.037181
168.600000 0.037078
168.700000 0.036901
168.800000 0.036651
168.900000 0.036332
169.000000 0.035948
169.100000 0.035501
169.200000 0.034998
169.300000 0.034444
169.400000 0.033844
169.500000 0.033204
169.600000 0.032531
169.700000 0.031829
169.800000 0.031103
169.900000 0.030358
170.000000 0.029598
170.100000 0.028827
170.200000 0.028048
170.300000 0.027264
170.400000 0.026477
170.500000 0.025688
170.600000 0.024900
170.700000 0.024114
170.800000 0.023330
170.900000 0.022550
171.000000 0.021774
171.100000 0.021002
171.200000 0.020235
171.300000 0.019473
171.400000 0.018715
171.500000 0.017962
171.600000 0.017213
171.700000 0.016469
171.800000 0.015729
171.900000 0.014993
172.000000 0.014260
172.100000 0.013530
172.200000 0.012804
172.300000 0.012080
172.400000 0.011359
172.500000 0.010641
172.600000 0.010007
172.700000 0.010754
172.800000 0.011497
172.900000 0.012237
173.000000 0.012972
173.100000 0.013703
173.200000 0.014430
173.300000 0.015152
173.400000 0.015871
173.500000 0.016585
173.600000 0.017295
173.700000 0.018001
173.800000 0.018704
173.900000 0.019404
174.000000 0.020100
174.100000 0.020794
174.200000 0.021485
174.300000 0.022173
174.400000 0.022859
174.500000 0.023542
174.600000 0.024222
174.700000 0.024900
174.800000 0.025574
174.900000 0.026243
175.000000 0.026908
175.100000 0.027566
175.200000 0.028217
175.300000 0.028858
175.400000 0.029488
175.500000 0.030104
175.600000 0.030703
175.700000 0.031282
175.800000 0.031836
175.900000 0.032362
176.000000 0.032856
176.100000 0.033312
176.200000 0.033725
176.300000 0.034092
176.400000 0.034408
176.500000 0.034667
176.600000 0.034867
176.700000 0.035003
176.800000 0.035075
176.900000 0.035079
177.000000 0.035015
177.100000 0.034883
177.200000 0.034684
177.300000 0.034421
177.400000 0.034095
177.500000 0.033710
177.600000 0.033270
177.700000 0.032780
177.800000 0.032244
177.900000 0.031668
178.000000 0.031056
178.100000 0.030414
178.200000 0.029745
178.300000 0.029054
178.400000 0.028346
178.500000 0.027624
178.600000 0.026891
178.700000 0.026149
178.800000 0.025403
178.900000 0.024652
179.000000 0.023900
179.100000 0.023147
179.200000 0.022395
179.300000 0.021645
179.400000 0.020897
179.500000 0.020151
179.600000 0.019410
179.700000 0.018671
179.800000 0.017937
179.900000 0.017206
180.000000 0.016479
180.100000 0.015755
180.200000 0.015036
180.300000 0.014319
180.400000 0.013606
180.500000 0.012897
180.600000 0.012190
180.700000 0.011486
180.800000 0.010785
180.900000 0.010088
181.000000 0.009393
181.100000 0.009421
181.200000 0.010139
181.300000 0.010854
181.400000 0.011567
181.500000 0.012276
181.600000 0.012983
181.700000 0.013686
181.800000 0.014385
181.900000 0.015081
182.000000 0.015774
182.100000 0.016463
182.200000 0.017149
182.300000 0.017832
182.400000 0.018511
182.500000 0.019188
182.600000 0.019862
182.700000 0.020533
182.800000 0.021201
182.900000 0.021866
183.000000 0.022528
183.100000 0.023186
183.200000 0.023840
183.300000 0.024489
183.400000 0.025133
183.500000 0.025770
183.600000 0.026399
183.700000 0.027018
183.800000 0.027625
183.900000 0.028218
184.000000 0.028795
184.100000 0.029352
184.200000 0.029886
184.300000 0.030394
184.400000 0.030871
184.500000 0.031313
184.600000 0.031717
184.700000 0.032078
184.800000 0.032392
184.900000 0.032656
185.000000 0.032865
185.100000 0.033018
185.200000 0.033111
185.300000 0.033142
185.400000 0.033112
185.500000 0.033019
185.600000 0.032864
185.700000 0.032649
185.800000 0.032375
185.900000 0.032045
186.000000 0.031662
186.100000 0.031230
186.200000 0.030753
186.300000 0.030235
186.400000 0.029680
186.500000 0.029094
186.600000 0.028479
186.700000 0.027840
186.800000 0.027181
186.900000 0.026506
187.000000 0.025817
187.100000 0.025118
187.200000 0.024410
187.300000 0.023697
187.400000 0.022979
187.500000 0.022259
187.600000 0.021538
187.700000 0.020817
187.800000 0.020096
187.900000 0.019377
188.000000 0.018660
188.100000 0.017946
188.200000 0.017234
188.300000 0.016525
188.400000 0.015819
188.500000 0.015117
188.600000 0.014417
188.700000 0.013721
188.800000 0.013027
188.900000 0.012337
189.000000 0.011649
189.100000 0.010965
189.200000 0.010284
189.300000 0.009606
189.400000 0.008931
189.500000 0.008261
189.600000 0.008908
189.700000 0.009599
189.800000 0.010288
189.900000 0.010976
190.000000 0.011662
190.100000 0.012345
190.200000 0.013025
190.300000 0.013703
190.400000 0.014377
190.500000 0.015049
190.600000 0.015718
190.700000 0.016384
190.800000 0.017047
190.900000 0.017707
191.000000 0.018364
191.100000 0.019018
191.200000 0.019669
191.300000 0.020317
191.400000 0.020960
191.500000 0.021601
191.600000 0.022236
191.700000 0.022866
191.800000 0.023490
191.900000 0.024107
192.000000 0.024716
192.100000 0.025314
192.200000 0.025901
192.300000 0.026474
192.400000 0.027031
192.500000 0.027569
192.600000 0.028085
192.700000 0.028576
192.800000 0.029039
192.900000 0.029470
193.000000 0.029865
193.100000 0.030220
193.200000 0.030533
193.300000 0.030800
193.400000 0.031018
193.500000 0.031183
193.600000 0.031294
193.700000 0.031350
193.800000 0.031348
193.900000 0.031289
194.000000 0.031173
194.100000 0.031000
194.200000 0.030772
194.300000 0.030491
194.400000 0.030159
194.500000 0.029780
194.600000 0.029356
194.700000 0.028892
194.800000 0.028391
194.900000 0.027856
195.000000 0.027292
195.100000 0.026702
195.200000 0.026091
195.300000 0.025460
195.400000 0.024814
195.500000 0.024156
195.600000 0.023486
195.700000 0.022809
195.800000 0.022126
195.900000 0.021438
196.000000 0.020747
196.100000 0.020055
196.200000 0.019362
196.300000 0.018669
196.400000 0.017976
196.500000 0.017285
196.600000 0.016596
196.700000 0.015909
196.800000 0.015224
196.900000 0.014542
197.000000 0.013862
197.100000 0.013185
197.200000 0.012511
197.300000 0.011839
197.400000 0.011171
197.500000 0.010506
197.600000 0.009843
197.700000 0.009184
197.800000 0.008529
197.900000 0.007878
198.000000 0.007790
198.100000 0.008457
198.200000 0.009123
198.300000 0.009788
198.400000 0.010453
198.500000 0.011116
198.600000 0.011777
198.700000 0.012436
198.800000 0.013092
198.900000 0.013746
199.000000 0.014398
199.100000 0.015047
199.200000 0.015693
199.300000 0.016337
199.400000 0.016977
199.500000 0.017615
199.600000 0.018249
199.700000 0.018880
199.800000 0.019507
199.900000 0.020129
200.000000 0.020747
200.100000 0.021359
200.200000 0.021965
200.300000 0.022563
200.400000 0.023154
200.500000 0.023733
200.600000 0.024302
200.700000 0.024856
200.800000 0.025395
200.900000 0.025916
201.000000 0.026416
201.100000 0.026892
201.200000 0.027342
201.300000 0.027762
201.400000 0.028149
201.500000 0.028500
201.600000 0.028811
201.700000 0.029080
201.800000 0.029305
201.900000 0.029481
202.000000 0.029608
202.100000 0.029684
202.200000 0.029708
202.300000 0.029678
202.400000 0.029595
202.500000 0.029460
202.600000 0.029273
202.700000 0.029035
202.800000 0.028749
202.900000 0.028418
203.000000 0.028043
203.100000 0.027628
203.200000 0.027176
203.300000 0.026690
203.400000 0.026174
203.500000 0.025631
203.600000 0.025065
203.700000 0.024478
203.800000 0.023873
203.900000 0.023254
204.000000 0.022622
204.100000 0.021980
204.200000 0.021331
204.300000 0.020674
204.400000 0.020014
204.500000 0.019350
204.600000 0.018684
204.700000 0.018016
204.800000 0.017348
204.900000 0.016681
205.000000 0.016014
205.100000 0.015348
205.200000 0.014684
205.300000 0.014022
205.400000 0.013361
205.500000 0.012704
205.600000 0.012048
205.700000 0.011395
205.800000 0.010745
205.900000 0.010098
206.000000 0.009454
206.100000 0.008814
206.200000 0.008178
206.300000 0.007545
206.400000 0.006918
206.500000 0.007417
206.600000 0.008059
206.700000 0.008702
206.800000 0.009345
206.900000 0.009987
207.000000 0.010629
207.100000 0.011269
207.200000 0.011907
207.300000 0.012544
207.400000 0.013178
207.500000 0.013810
207.600000 0.014440
207.700000 0.015067
207.800000 0.015691
207.900000 0.016313
208.000000 0.016931
208.100000 0.017545
208.200000 0.018155
208.300000 0.018761
208.400000 0.019362
208.500000 0.019957
208.600000 0.020546
208.700000 0.021127
208.800000 0.021699
208.900000 0.022262
209.000000 0.022813
209.100000 0.023350
209.200000 0.023873
209.300000 0.024378
209.400000 0.024863
209.500000 0.025326
209.600000 0.025764
209.700000 0.026174
209.800000 0.026554
209.900000 0.026900
210.000000 0.027210
210.100000 0.027481
210.200000 0.027711
210.300000 0.027897
210.400000 0.028038
210.500000 0.028131
210.600000 0.028176
210.700000 0.028172
210.800000 0.028119
210.900000 0.028017
211.000000 0.027866
211.100000 0.027667
211.200000 0.027423
211.300000 0.027134
211.400000 0.026804
211.500000 0.026434
211.600000 0.026028
211.700000 0.025588
211.800000 0.025117
211.900000 0.024618
212.000000 0.024094
212.100000 0.023549
212.200000 0.022984
212.300000 0.022403
212.400000 0.021808
212.500000 0.021201
212.600000 0.020584
212.700000 0.019960
212.800000 0.019329
212.900000 0.018693
213.000000 0.018053
213.100000 0.017411
213.200000 0.016768
213.300000 0.016123
213.400000 0.015479
213.500000 0.014834
213.600000 0.014191
213.700000 0.013548
213.800000 0.012907
213.900000 0.012268
214.000000 0.011632
214.100000 0.010997
214.200000 0.010365
214.300000 0.009736
214.400000 0.009110
214.500000 0.008487
214.600000 0.007869
214.700000 0.007255
214.800000 0.006646
214.900000 0.006469
215.000000 0.007087
215.100000 0.007707
215.200000 0.008328
215.300000 0.008950
215.400000 0.009572
215.500000 0.010193
215.600000 0.010813
215.700000 0.011432
215.800000 0.012049
215.900000 0.012664
216.000000 0.013278
216.100000 0.013888
216.200000 0.014496
216.300000 0.015101
216.400000 0.015703
216.500000 0.016302
216.600000 0.016896
216.700000 0.017486
216.800000 0.018070
216.900000 0.018649
217.000000 0.019221
217.100000 0.019786
217.200000 0.020342
217.300000 0.020888
217.400000 0.021423
217.500000 0.021945
217.600000 0.022453
217.700000 0.022943
217.800000 0.023415
217.900000 0.023865
218.000000 0.024293
218.100000 0.024694
218.200000 0.025067
218.300000 0.025408
218.400000 0.025717
218.500000 0.025989
218.600000 0.026224
218.700000 0.026418
218.800000 0.026570
218.900000 0.026678
219.000000 0.026742
219.100000 0.026761
219.200000 0.026733
219.300000 0.026660
219.400000 0.026541
219.500000 0.026378
219.600000 0.026170
219.700000 0.025921
219.800000 0.025631
219.900000 0.025303
220.000000 0.024939
220.100000 0.024541
220.200000 0.024113
220.300000 0.023656
220.400000 0.023173
220.500000 0.022667
220.600000 0.022141
220.700000 0.021597
220.800000 0.021038
220.900000 0.020465
221.000000 0.019881
221.100000 0.019287
221.200000 0.018685
221.300000 0.018077
221.400000 0.017464
221.500000 0.016848
221.600000 0.016228
221.700000 0.015607
221.800000 0.014984
221.900000 0.014361
222.000000 0.013738
222.100000 0.013115
222.200000 0.012494
222.300000 0.011873
222.400000 0.011255
222.500000 0.010638
222.600000 0.010024
222.700000 0.009412
222.800000 0.008803
222.900000 0.008198
223.000000 0.007597
223.100000 0.007000
223.200000 0.006408
223.300000 0.005823
223.400000 0.006199
223.500000 0.006796
223.600000 0.007395
223.700000 0.007996
223.800000 0.008598
223.900000 0.009200
224.000000 0.009801
224.100000 0.010402
224.200000 0.011002
224.300000 0.011601
224.400000 0.012197
224.500000 0.012792
224.600000 0.013384
224.700000 0.013973
224.800000 0.014559
224.900000 0.015142
225.000000 0.015721
225.100000 0.016295
225.200000 0.016864
225.300000 0.017427
225.400000 0.017984
225.500000 0.018533
225.600000 0.019073
225.700000 0.019604
225.800000 0.020124
225.900000 0.020631
226.000000 0.021125
226.100000 0.021602
226.200000 0.022061
226.300000 0.022500
226.400000 0.022917
226.500000 0.023310
226.600000 0.023676
226.700000 0.024014
226.800000 0.024320
226.900000 0.024593
227.000000 0.024831
227.100000 0.025032
227.200000 0.025194
227.300000 0.025316
227.400000 0.025396
227.500000 0.025434
227.600000 0.025430
227.700000 0.025382
227.800000 0.025292
227.900000 0.025160
228.000000 0.024986
228.100000 0.024772
228.200000 0.024519
228.300000 0.024229
228.400000 0.023904
228.500000 0.023546
228.600000 0.023157
228.700000 0.022739
228.800000 0.022295
228.900000 0.021827
229.000000 0.021338
229.100000 0.020830
229.200000 0.020305
229.300000 0.019766
229.400000 0.019213
229.500000 0.018650
229.600000 0.018078
229.700000 0.017498
229.800000 0.016911
229.900000 0.016320
230.000000 0.015724
230.100000 0.015125
230.200000 0.014525
230.300000 0.013923
230.400000 0.013320
230.500000 0.012717
230.600000 0.012114
230.700000 0.011512
230.800000 0.010912
230.900000 0.010313
231.000000 0.009716
231.100000 0.009121
231.200000 0.008529
231.300000 0.007941
231.400000 0.007357
231.500000 0.006776
231.600000 0.006201
231.700000 0.005632
231.800000 0.005388
231.900000 0.005961
232.000000 0.006538
232.100000 0.007117
232.200000 0.007699
232.300000 0.008282
232.400000 0.008865
232.500000 0.009448
232.600000 0.010031
232.700000 0.010612
232.800000 0.011193
232.900000 0.011771
233.000000 0.012347
233.100000 0.012921
233.200000 0.013492
233.300000 0.014059
233.400000 0.014622
233.500000 0.015181
233.600000 0.015735
233.700000 0.016283
233.800000 0.016825
233.900000 0.017359
234.000000 0.017885
234.100000 0.018402
234.200000 0.018907
234.300000 0.019401
234.400000 0.019880
234.500000 0.020345
234.600000 0.020792
234.700000 0.021221
234.800000 0.021629
234.900000 0.022014
235.000000 0.022374
235.100000 0.022707
235.200000 0.023011
235.300000 0.023284
235.400000 0.023525
235.500000 0.023731
235.600000 0.023902
235.700000 0.024035
235.800000 0.024129
235.900000 0.024185
236.000000 0.024200
236.100000 0.024176
236.200000 0.024111
236.300000 0.024007
236.400000 0.023863
236.500000 0.023681
236.600000 0.023462
236.700000 0.023207
236.800000 0.022918
236.900000 0.022596
237.000000 0.022244
237.100000 0.021863
237.200000 0.021456
237.300000 0.021025
237.400000 0.020571
237.500000 0.020098
237.600000 0.019607
237.700000 0.019099
237.800000 0.018578
237.900000 0.018045
238.000000 0.017501
238.100000 0.016948
238.200000 0.016388
238.300000 0.015822
238.400000 0.015250
238.500000 0.014674
238.600000 0.014096
238.700000 0.013515
238.800000 0.012932
238.900000 0.012349
239.000000 0.011765
239.100000 0.011181
239.200000 0.010598
239.300000 0.010017
239.400000 0.009437
239.500000 0.008859
239.600000 0.008284
239.700000 0.007712
239.800000 0.007143
239.900000 0.006579
240.000000 0.006020
240.100000 0.005467
240.200000 0.004921
240.300000 0.005196
240.400000 0.005750
240.500000 0.006308
240.600000 0.006870
240.700000 0.007433
240.800000 0.007998
240.900000 0.008563
241.000000 0.009128
241.100000 0.009693
241.200000 0.010257
241.300000 0.010819
241.400000 0.011380
241.500000 0.011938
241.600000 0.012494
241.700000 0.013046
241.800000 0.013595
241.900000 0.014139
242.000000 0.014678
242.100000 0.015211
242.200000 0.015739
242.300000 0.016259
242.400000 0.016770
242.500000 0.017273
242.600000 0.017765
242.700000 0.018245
242.800000 0.018713
242.900000 0.019165
243.000000 0.019601
243.100000 0.020020
243.200000 0.020419
243.300000 0.020796
243.400000 0.021150
243.500000 0.021479
243.600000 0.021781
243.700000 0.022054
243.800000 0.022297
243.900000 0.022508
244.000000 0.022685
244.100000 0.022828
244.200000 0.022935
244.300000 0.023006
244.400000 0.023039
244.500000 0.023035
244.600000 0.022993
244.700000 0.022913
244.800000 0.022797
244.900000 0.022644
245.000000 0.022455
245.100000 0.022233
245.200000 0.021976
245.300000 0.021689
245.400000 0.021371
245.500000 0.021025
245.600000 0.020652
245.700000 0.020256
245.800000 0.019836
245.900000 0.019396
246.000000 0.018937
246.100000 0.018461
246.200000 0.017971
246.300000 0.017467
246.400000 0.016951
246.500000 0.016426
246.600000 0.015892
246.700000 0.015350
246.800000 0.014802
246.900000 0.014249
247.000000 0.013692
247.100000 0.013133
247.200000 0.012570
247.300000 0.012006
247.400000 0.011441
247.500000 0.010876
247.600000 0.010311
247.700000 0.009746
247.800000 0.009183
247.900000 0.008622
248.000000 0.008063
248.100000 0.007507
248.200000 0.006954
248.300000 0.006406
248.400000 0.005862
248.500000 0.005324
248.600000 0.004793
248.700000 0.004496
248.800000 0.005027
248.900000 0.005564
249.000000 0.006104
249.100000 0.006648
249.200000 0.007194
249.300000 0.007741
249.400000 0.008289
249.500000 0.008837
249.600000 0.009385
249.700000 0.009931
249.800000 0.010476
249.900000 0.011019
250.000000 0.011560
250.100000 0.012097
250.200000 0.012631
250.300000 0.013161
250.400000 0.013686
250.500000 0.014206
250.600000 0.014719
250.700000 0.015225
250.800000 0.015723
250.900000 0.016212
251.000000 0.016692
251.100000 0.017159
251.200000 0.017615
251.300000 0.018056
251.400000 0.018482
251.500000 0.018891
251.600000 0.019281
251.700000 0.019651
251.800000 0.019999
251.900000 0.020324
252.000000 0.020623
252.100000 0.020896
252.200000 0.021140
252.300000 0.021355
252.400000 0.021538
252.500000 0.021689
252.600000 0.021807
252.700000 0.021891
252.800000 0.021940
252.900000 0.021953
253.000000 0.021932
253.100000 0.021875
253.200000 0.021783
253.300000 0.021656
253.400000 0.021496
253.500000 0.021302
253.600000 0.021076
253.700000 0.020820
253.800000 0.020534
253.900000 0.020221
254.000000 0.019881
254.100000 0.019517
254.200000 0.019129
254.300000 0.018721
254.400000 0.018294
254.500000 0.017849
254.600000 0.017388
254.700000 0.016913
254.800000 0.016425
254.900000 0.015926
255.000000 0.015418
255.100000 0.014901
255.200000 0.014377
255.300000 0.013847
255.400000 0.013312
255.500000 0.012773
255.600000 0.012231
255.700000 0.011686
255.800000 0.011140
255.900000 0.010592
256.000000 0.010045
256.100000 0.009498
256.200000 0.008951
256.300000 0.008406
256.400000 0.007863
256.500000 0.007322
256.600000 0.006785
256.700000 0.006252
256.800000 0.005723
256.900000 0.005200
257.000000 0.004683
257.100000 0.004174
257.200000 0.004364
257.300000 0.004879
257.400000 0.005398
257.500000 0.005922
257.600000 0.006449
257.700000 0.006978
257.800000 0.007509
257.900000 0.008040
258.000000 0.008572
258.100000 0.009102
258.200000 0.009632
258.300000 0.010160
258.400000 0.010686
258.500000 0.011209
258.600000 0.011728
258.700000 0.012244
258.800000 0.012755
258.900000 0.013261
259.000000 0.013760
259.100000 0.014253
259.200000 0.014738
259.300000 0.015215
259.400000 0.015682
259.500000 0.016137
259.600000 0.016581
259.700000 0.017012
259.800000 0.017427
259.900000 0.017827
260.000000 0.018209
260.100000 0.018572
260.200000 0.018914
260.300000 0.019235
260.400000 0.019532
260.500000 0.019803
260.600000 0.020048
260.700000 0.020266
260.800000 0.020454
260.900000 0.020613
261.000000 0.020740
261.100000 0.020835
261.200000 0.020898
261.300000 0.020928
261.400000 0.020924
261.500000 0.020887
261.600000 0.020817
261.700000 0.020715
261.800000 0.020579
261.900000 0.020413
262.000000 0.020215
262.100000 0.019988
262.200000 0.019732
262.300000 0.019448
262.400000 0.019139
262.500000 0.018806
262.600000 0.018449
262.700000 0.018072
262.800000 0.017674
262.900000 0.017258
263.000000 0.016826
263.100000 0.016379
263.200000 0.015919
263.300000 0.015447
263.400000 0.014963
263.500000 0.014471
263.600000 0.013971
263.700000 0.013463
263.800000 0.012950
263.900000 0.012432
264.000000 0.011910
264.100000 0.011385
264.200000 0.010857
264.300000 0.010328
264.400000 0.009798
264.500000 0.009268
264.600000 0.008738
264.700000 0.008209
264.800000 0.007681
264.900000 0.007156
265.000000 0.006634
265.100000 0.006115
265.200000 0.005601
265.300000 0.005092
265.400000 0.004589
265.500000 0.004094
265.600000 0.003757
265.700000 0.004249
265.800000 0.004747
265.900000 0.005251
266.000000 0.005759
266.100000 0.006270
266.200000 0.006783
266.300000 0.007298
266.400000 0.007813
266.500000 0.008328
266.600000 0.008842
266.700000 0.009355
266.800000 0.009866
266.900000 0.010375
267.000000 0.010881
267.100000 0.011382
267.200000 0.011880
267.300000 0.012372
267.400000 0.012859
267.500000 0.013339
267.600000 0.013811
267.700000 0.014275
267.800000 0.014730
267.900000 0.015174
268.000000 0.015607
268.100000 0.016027
268.200000 0.016433
268.300000 0.016824
268.400000 0.017198
268.500000 0.017554
268.600000 0.017891
268.700000 0.018207
268.800000 0.018501
268.900000 0.018771
269.000000 0.019017
269.100000 0.019236
269.200000 0.019429
269.300000 0.019593
269.400000 0.019729
269.500000 0.019834
269.600000 0.019909
269.700000 0.019953
269.800000 0.019966
269.900000 0.019947
270.000000 0.019897
270.100000 0.019816
270.200000 0.019704
270.300000 0.019561
270.400000 0.019389
270.500000 0.019189
270.600000 0.018961
270.700000 0.018706
270.800000 0.018425
270.900000 0.018121
271.000000 0.017793
271.100000 0.017445
271.200000 0.017076
271.300000 0.016689
271.400000 0.016285
271.500000 0.015865
271.600000 0.015431
271.700000 0.014985
271.800000 0.014527
271.900000 0.014058
272.000000 0.013581
272.100000 0.013096
272.200000 0.012605
272.300000 0.012108
272.400000 0.011606
272.500000 0.011100
272.600000 0.010591
272.700000 0.010080
272.800000 0.009567
272.900000 0.009054
273.000000 0.008540
273.100000 0.008027
273.200000 0.007515
273.300000 0.007005
273.400000 0.006497
273.500000 0.005993
273.600000 0.005493
273.700000 0.004997
273.800000 0.004508
273.900000 0.004026
274.000000 0.003552
274.100000 0.003671
274.200000 0.004148
274.300000 0.004632
274.400000 0.005120
274.500000 0.005613
274.600000 0.006109
274.700000 0.006606
274.800000 0.007105
274.900000 0.007605
275.000000 0.008104
275.100000 0.008602
275.200000 0.009099
275.300000 0.009593
275.400000 0.010085
275.500000 0.010573
275.600000 0.011057
275.700000 0.011536
275.800000 0.012010
275.900000 0.012477
276.000000 0.012937
276.100000 0.013389
276.200000 0.013833
276.300000 0.014266
276.400000 0.014688
276.500000 0.015098
276.600000 0.015495
276.700000 0.015877
276.800000 0.016243
276.900000 0.016593
277.000000 0.016924
277.100000 0.017235
277.200000 0.017526
277.300000 0.017795
277.400000 0.018041
277.500000 0.018262
277.600000 0.018458
277.700000 0.018627
277.800000 0.018769
277.900000 0.018884
278.000000 0.018969
278.100000 0.019026
278.200000 0.019053
278.300000 0.019051
278.400000 0.019018
278.500000 0.018957
278.600000 0.018866
278.700000 0.018746
278.800000 0.018598
278.900000 0.018422
279.000000 0.018219
279.100000 0.017990
279.200000 0.017737
279.300000 0.017460
279.400000 0.017160
279.500000 0.016839
279.600000 0.016497
279.700000 0.016138
279.800000 0.015760
279.900000 0.015367
280.000000 0.014959
280.100000 0.014538
280.200000 0.014105
280.300000 0.013660
280.400000 0.013206
280.500000 0.012744
280.600000 0.012274
280.700000 0.011798
280.800000 0.011316
280.900000 0.010829
281.000000 0.010339
281.100000 0.009846
281.200000 0.009351
281.300000 0.008854
281.400000 0.008357
281.500000 0.007859
281.600000 0.007363
281.700000 0.006867
281.800000 0.006374
281.900000 0.005884
282.000000 0.005397
282.100000 0.004915
282.200000 0.004439
282.300000 0.003970
282.400000 0.003508
282.500000 0.003141
282.600000 0.003597
282.700000 0.004060
282.800000 0.004529
282.900000 0.005003
283.000000 0.005481
283.100000 0.005962
283.200000 0.006445
283.300000 0.006929
283.400000 0.007413
283.500000 0.007896
283.600000 0.008378
283.700000 0.008859
283.800000 0.009337
283.900000 0.009812
284.000000 0.010283
284.100000 0.010749
284.200000 0.011210
284.300000 0.011665
284.400000 0.012114
284.500000 0.012554
284.600000 0.012986
284.700000 0.013408
284.800000 0.013820
284.900000 0.014220
285.000000 0.014608
285.100000 0.014982
285.200000 0.015341
285.300000 0.015684
285.400000 0.016009
285.500000 0.016316
285.600000 0.016604
285.700000 0.016871
285.800000 0.017116
285.900000 0.017338
286.000000 0.017537
286.100000 0.017710
286.200000 0.017859
286.300000 0.017981
286.400000 0.018076
286.500000 0.018143
286.600000 0.018183
286.700000 0.018195
286.800000 0.018179
286.900000 0.018135
287.000000 0.018064
287.100000 0.017964
287.200000 0.017837
287.300000 0.017684
287.400000 0.017505
287.500000 0.017301
287.600000 0.017073
287.700000 0.016821
287.800000 0.016547
287.900000 0.016252
288.000000 0.015937
288.100000 0.015604
288.200000 0.015252
288.300000 0.014885
288.400000 0.014502
288.500000 0.014105
288.600000 0.013696
288.700000 0.013275
288.800000 0.012844
288.900000 0.012404
289.000000 0.011955
289.100000 0.011499
289.200000 0.011038
289.300000 0.010570
289.400000 0.010099
289.500000 0.009624
289.600000 0.009146
289.700000 0.008666
289.800000 0.008185
289.900000 0.007703
290.000000 0.007221
290.100000 0.006741
290.200000 0.006262
290.300000 0.005786
290.400000 0.005313
290.500000 0.004844
290.600000 0.004380
290.700000 0.003923
290.800000 0.003473
290.900000 0.003032
291.000000 0.003090
291.100000 0.003533
291.200000 0.003982
291.300000 0.004438
291.400000 0.004899
291.500000 0.005363
291.600000 0.005829
291.700000 0.006297
291.800000 0.006766
291.900000 0.007235
292.000000 0.007703
292.100000 0.008170
292.200000 0.008634
292.300000 0.009096
292.400000 0.009554
292.500000 0.010008
292.600000 0.010456
292.700000 0.010900
292.800000 0.011336
292.900000 0.011765
293.000000 0.012186
293.100000 0.012598
293.200000 0.013000
293.300000 0.013391
293.400000 0.013769
293.500000 0.014135
293.600000 0.014487
293.700000 0.014823
293.800000 0.015143
293.900000 0.015446
294.000000 0.015730
294.100000 0.015995
294.200000 0.016239
294.300000 0.016462
294.400000 0.016662
294.500000 0.016840
294.600000 0.016993
294.700000 0.017121
294.800000 0.017225
294.900000 0.017302
295.000000 0.017354
295.100000 0.017379
295.200000 0.017377
295.300000 0.017349
295.400000 0.017295
295.500000 0.017214
295.600000 0.017107
295.700000 0.016975
295.800000 0.016818
295.900000 0.016637
296.000000 0.016432
296.100000 0.016204
296.200000 0.015955
296.300000 0.015684
296.400000 0.015394
296.500000 0.015085
296.600000 0.014759
296.700000 0.014416
296.800000 0.014057
296.900000 0.013685
297.000000 0.013299
297.100000 0.012901
297.200000 0.012492
297.300000 0.012074
297.400000 0.011647
297.500000 0.011211
297.600000 0.010769
297.700000 0.010321
297.800000 0.009868
297.900000 0.009411
298.000000 0.008951
298.100000 0.008488
298.200000 0.008023
298.300000 0.007556
298.400000 0.007090
298.500000 0.006624
298.600000 0.006160
298.700000 0.005697
298.800000 0.005237
298.900000 0.004781
299.000000 0.004330
299.100000 0.003884
299.200000 0.003446
299.300000 0.003016
299.400000 0.002627
299.500000 0.003048
299.600000 0.003478
299.700000 0.003915
299.800000 0.004357
299.900000 0.004805
300.000000 0.005255
300.100000 0.005707
300.200000 0.006161
300.300000 0.006616
300.400000 0.007070
300.500000 0.007522
300.600000 0.007974
300.700000 0.008422
300.800000 0.008868
300.900000 0.009309
301.000000 0.009746
301.100000 0.010177
301.200000 0.010602
301.300000 0.011020
301.400000 0.011431
301.500000 0.011832
301.600000 0.012224
301.700000 0.012606
301.800000 0.012976
301.900000 0.013334
302.000000 0.013678
302.100000 0.014008
302.200000 0.014322
302.300000 0.014621
302.400000 0.014901
302.500000 0.015164
302.600000 0.015407
302.700000 0.015630
302.800000 0.015832
302.900000 0.016012
303.000000 0.016169
303.100000 0.016304
303.200000 0.016414
303.300000 0.016500
303.400000 0.016562
303.500000 0.016599
303.600000 0.016611
303.700000 0.016597
303.800000 0.016558
303.900000 0.016494
304.000000 0.016406
304.100000 0.016293
304.200000 0.016156
304.300000 0.015996
304.400000 0.015813
304.500000 0.015607
304.600000 0.015381
304.700000 0.015134
304.800000 0.014867
304.900000 0.014582
305.000000 0.014279
305.100000 0.013960
305.200000 0.013625
305.300000 0.013276
305.400000 0.012913
305.500000 0.012537
305.600000 0.012150
305.700000 0.011753
305.800000 0.011347
305.900000 0.010932
306.000000 0.010510
306.100000 0.010081
306.200000 0.009646
306.300000 0.009207
306.400000 0.008764
306.500000 0.008317
306.600000 0.007869
306.700000 0.007418
306.800000 0.006967
306.900000 0.006516
307.000000 0.006065
307.100000 0.005616
307.200000 0.005169
307.300000 0.004725
307.400000 0.004286
307.500000 0.003852
307.600000 0.003425
307.700000 0.003006
307.800000 0.002596
307.900000 0.002603
308.000000 0.003012
308.100000 0.003431
308.200000 0.003855
308.300000 0.004286
308.400000 0.004720
308.500000 0.005157
308.600000 0.005596
308.700000 0.006035
308.800000 0.006475
308.900000 0.006915
309.000000 0.007353
309.100000 0.007788
309.200000 0.008221
309.300000 0.008651
309.400000 0.009075
309.500000 0.009495
309.600000 0.009909
309.700000 0.010316
309.800000 0.010716
309.900000 0.011108
310.000000 0.011490
310.100000 0.011863
310.200000 0.012225
310.300000 0.012574
310.400000 0.012912
310.500000 0.013235
310.600000 0.013544
310.700000 0.013838
310.800000 0.014115
310.900000 0.014375
311.000000 0.014616
311.100000 0.014839
311.200000 0.015042
311.300000 0.015224
311.400000 0.015385
311.500000 0.015524
311.600000 0.015641
311.700000 0.015735
311.800000 0.015806
311.900000 0.015853
312.000000 0.015876
312.100000 0.015876
312.200000 0.015852
312.300000 0.015803
312.400000 0.015732
312.500000 0.015636
312.600000 0.015518
312.700000 0.015377
312.800000 0.015214
312.900000 0.015030
313.000000 0.014825
313.100000 0.014600
313.200000 0.014356
313.300000 0.014093
313.400000 0.013813
313.500000 0.013516
313.600000 0.013204
313.700000 0.012877
313.800000 0.012536
313.900000 0.012182
314.000000 0.011817
314.100000 0.011441
314.200000 0.011055
314.300000 0.010660
314.400000 0.010257
314.500000 0.009848
314.600000 0.009431
314.700000 0.009010
314.800000 0.008584
314.900000 0.008154
315.000000 0.007722
315.100000 0.007287
315.200000 0.006850
315.300000 0.006414
315.400000 0.005977
315.500000 0.005541
315.600000 0.005107
315.700000 0.004676
315.800000 0.004249
315.900000 0.003826
316.000000 0.003410
316.100000 0.003001
316.200000 0.002601
316.300000 0.002211
316.400000 0.002585
316.500000 0.002984
316.600000 0.003390
316.700000 0.003803
316.800000 0.004221
316.900000 0.004643
317.000000 0.005067
317.100000 0.005492
317.200000 0.005918
317.300000 0.006344
317.400000 0.006769
317.500000 0.007192
317.600000 0.007613
317.700000 0.008030
317.800000 0.008443
317.900000 0.008851
318.000000 0.009254
318.100000 0.009651
318.200000 0.010041
318.300000 0.010423
318.400000 0.010796
318.500000 0.011159
318.600000 0.011513
318.700000 0.011855
318.800000 0.012185
318.900000 0.012502
319.000000 0.012806
319.100000 0.013095
319.200000 0.013368
319.300000 0.013625
319.400000 0.013865
319.500000 0.014087
319.600000 0.014290
319.700000 0.014474
319.800000 0.014638
319.900000 0.014782
320.000000 0.014904
320.100000 0.015005
320.200000 0.015083
320.300000 0.015140
320.400000 0.015174
320.500000 0.015185
320.600000 0.015174
320.700000 0.015140
320.800000 0.015083
320.900000 0.015004
321.000000 0.014903
321.100000 0.014780
321.200000 0.014636
321.300000 0.014472
321.400000 0.014287
321.500000 0.014082
321.600000 0.013859
321.700000 0.013617
321.800000 0.013359
321.900000 0.013084
322.000000 0.012793
322.100000 0.012487
322.200000 0.012168
322.300000 0.011835
322.400000 0.011491
322.500000 0.011136
322.600000 0.010770
322.700000 0.010395
322.800000 0.010011
322.900000 0.009620
323.000000 0.009222
323.100000 0.008819
323.200000 0.008410
323.300000 0.007997
323.400000 0.007580
323.500000 0.007160
323.600000 0.006739
323.700000 0.006317
323.800000 0.005894
323.900000 0.005472
324.000000 0.005051
324.100000 0.004632
324.200000 0.004217
324.300000 0.003805
324.400000 0.003400
324.500000 0.003001
324.600000 0.002610
324.700000 0.002229
324.800000 0.002192
324.900000 0.002572
325.000000 0.002960
325.100000 0.003356
325.200000 0.003757
325.300000 0.004163
325.400000 0.004572
325.500000 0.004984
325.600000 0.005396
325.700000 0.005808
325.800000 0.006220
325.900000 0.006631
326.000000 0.007039
326.100000 0.007445
326.200000 0.007846
326.300000 0.008244
326.400000 0.008636
326.500000 0.009022
326.600000 0.009402
326.700000 0.009774
326.800000 0.010138
326.900000 0.010493
327.000000 0.010838
327.100000 0.011173
327.200000 0.011496
327.300000 0.011807
327.400000 0.012105
327.500000 0.012389
327.600000 0.012658
327.700000 0.012912
327.800000 0.013150
327.900000 0.013371
328.000000 0.013575
328.100000 0.013760
328.200000 0.013926
328.300000 0.014073
328.400000 0.014200
328.500000 0.014307
328.600000 0.014392
328.700000 0.014457
328.800000 0.014501
328.900000 0.014523
329.000000 0.014523
329.100000 0.014502
329.200000 0.014459
329.300000 0.014395
329.400000 0.014310
329.500000 0.014204
329.600000 0.014077
329.700000 0.013931
329.800000 0.013765
329.900000 0.013580
330.000000 0.013376
330.100000 0.013155
330.200000 0.012916
330.300000 0.012662
330.400000 0.012392
330.500000 0.012107
330.600000 0.011808
330.700000 0.011496
330.800000 0.011172
330.900000 0.010837
331.000000 0.010491
331.100000 0.010135
331.200000 0.009770
331.300000 0.009398
331.400000 0.009018
331.500000 0.008632
331.600000 0.008240
331.700000 0.007843
331.800000 0.007443
331.900000 0.007039
332.000000 0.006632
332.100000 0.006225
332.200000 0.005816
332.300000 0.005407
332.400000 0.004999
332.500000 0.004592
332.600000 0.004188
332.700000 0.003788
332.800000 0.003393
332.900000 0.003004
333.000000 0.002622
333.100000 0.002249
333.200000 0.001888
333.300000 0.002193
333.400000 0.002563
333.500000 0.002941
333.600000 0.003326
333.700000 0.003717
333.800000 0.004111
333.900000 0.004508
334.000000 0.004906
334.100000 0.005306
334.200000 0.005705
334.300000 0.006103
334.400000 0.006499
334.500000 0.006893
334.600000 0.007283
334.700000 0.007670
334.800000 0.008051
334.900000 0.008427
335.000000 0.008797
335.100000 0.009160
335.200000 0.009515
335.300000 0.009861
335.400000 0.010198
335.500000 0.010525
335.600000 0.010842
335.700000 0.011146
335.800000 0.011439
335.900000 0.011718
336.000000 0.011984
336.100000 0.012234
336.200000 0.012470
336.300000 0.012690
336.400000 0.012893
336.500000 0.013079
336.600000 0.013247
336.700000 0.013397
336.800000 0.013528
336.900000 0.013639
337.000000 0.013732
337.100000 0.013804
337.200000 0.013856
337.300000 0.013887
337.400000 0.013898
337.500000 0.013889
337.600000 0.013859
337.700000 0.013808
337.800000 0.013738
337.900000 0.013647
338.000000 0.013537
338.100000 0.013407
338.200000 0.013259
338.300000 0.013092
338.400000 0.012907
338.500000 0.012705
338.600000 0.012486
338.700000 0.012251
338.800000 0.012000
338.900000 0.011735
339.000000 0.011456
339.100000 0.011164
339.200000 0.010859
339.300000 0.010543
339.400000 0.010216
339.500000 0.009880
339.600000 0.009534
339.700000 0.009179
339.800000 0.008817
339.900000 0.008448
340.000000 0.008074
340.100000 0.007693
340.200000 0.007309
340.300000 0.006920
340.400000 0.006529
340.500000 0.006135
340.600000 0.005740
340.700000 0.005345
340.800000 0.004950
340.900000 0.004555
341.000000 0.004163
341.100000 0.003774
341.200000 0.003389
341.300000 0.003010
341.400000 0.002637
341.500000 0.002273
341.600000 0.001919
341.700000 0.001846
341.800000 0.002197
341.900000 0.002558
342.000000 0.002926
342.100000 0.003301
342.200000 0.003680
342.300000 0.004063
342.400000 0.004448
342.500000 0.004834
342.600000 0.005220
342.700000 0.005606
342.800000 0.005991
342.900000 0.006373
343.000000 0.006752
343.100000 0.007128
343.200000 0.007499
343.300000 0.007865
343.400000 0.008225
343.500000 0.008578
343.600000 0.008924
343.700000 0.009262
343.800000 0.009591
343.900000 0.009911
344.000000 0.010221
344.100000 0.010519
344.200000 0.010806
344.300000 0.011080
344.400000 0.011342
344.500000 0.011589
344.600000 0.011823
344.700000 0.012041
344.800000 0.012243
344.900000 0.012430
345.000000 0.012599
345.100000 0.012751
345.200000 0.012885
345.300000 0.013002
345.400000 0.013099
345.500000 0.013178
345.600000 0.013237
345.700000 0.013278
345.800000 0.013298
345.900000 0.013300
346.000000 0.013281
346.100000 0.013243
346.200000 0.013186
346.300000 0.013110
346.400000 0.013015
346.500000 0.012901
346.600000 0.012768
346.700000 0.012618
346.800000 0.012451
346.900000 0.012266
347.000000 0.012066
347.100000 0.011849
347.200000 0.011617
347.300000 0.011371
347.400000 0.011111
347.500000 0.010838
347.600000 0.010553
347.700000 0.010255
347.800000 0.009947
347.900000 0.009629
348.000000 0.009301
348.100000 0.008964
348.200000 0.008620
348.300000 0.008268
348.400000 0.007910
348.500000 0.007546
348.600000 0.007177
348.700000 0.006804
348.800000 0.006428
348.900000 0.006049
349.000000 0.005668
349.100000 0.005285
349.200000 0.004903
349.300000 0.004521
349.400000 0.004141
349.500000 0.003763
349.600000 0.003388
349.700000 0.003018
349.800000 0.002655
349.900000 0.002298
350.000000 0.001952
350.100000 0.001616
350.200000 0.001861
350.300000 0.002204
350.400000 0.002556
350.500000 0.002915
350.600000 0.003279
350.700000 0.003648
350.800000 0.004019
350.900000 0.004392
351.000000 0.004766
351.100000 0.005139
351.200000 0.005512
351.300000 0.005883
351.400000 0.006251
351.500000 0.006616
351.600000 0.006977
351.700000 0.007333
351.800000 0.007683
351.900000 0.008027
352.000000 0.008365
352.100000 0.008694
352.200000 0.009016
352.300000 0.009328
352.400000 0.009631
352.500000 0.009923
352.600000 0.010205
352.700000 0.010474
352.800000 0.010731
352.900000 0.010976
353.000000 0.011206
353.100000 0.011423
353.200000 0.011624
353.300000 0.011810
353.400000 0.011981
353.500000 0.012135
353.600000 0.012272
353.700000 0.012392
353.800000 0.012494
353.900000 0.012578
354.000000 0.012645
354.100000 0.012693
354.200000 0.012722
354.300000 0.012733
354.400000 0.012725
354.500000 0.012699
354.600000 0.012654
354.700000 0.012591
354.800000 0.012509
354.900000 0.012410
355.000000 0.012293
355.100000 0.012159
355.200000 0.012008
355.300000 0.011840
355.400000 0.011657
355.500000 0.011458
355.600000 0.011244
355.700000 0.011016
355.800000 0.010774
355.900000 0.010519
356.000000 0.010251
356.100000 0.009972
356.200000 0.009682
356.300000 0.009382
356.400000 0.009072
356.500000 0.008752
356.600000 0.008425
356.700000 0.008090
356.800000 0.007749
356.900000 0.007401
357.000000 0.007048
357.100000 0.006690
357.200000 0.006328
357.300000 0.005963
357.400000 0.005596
357.500000 0.005227
357.600000 0.004858
357.700000 0.004488
357.800000 0.004119
357.900000 0.003752
358.000000 0.003388
358.100000 0.003028
358.200000 0.002673
358.300000 0.002325
358.400000 0.001986
358.500000 0.001657
358.600000 0.001554
358.700000 0.001878
358.800000 0.002213
358.900000 0.002556
359.000000 0.002906
359.100000 0.003260
359.200000 0.003618
359.300000 0.003978
359.400000 0.004339
359.500000 0.004701
359.600000 0.005062
359.700000 0.005421
359.800000 0.005778
359.900000 0.006133
360.000000 0.006483
360.100000 0.006830
360.200000 0.007171
360.300000 0.007506
360.400000 0.007834
360.500000 0.008156
360.600000 0.008470
360.700000 0.008775
360.800000 0.009071
360.900000 0.009357
361.000000 0.009633
361.100000 0.009897
361.200000 0.010150
361.300000 0.010391
361.400000 0.010619
361.500000 0.010833
361.600000 0.011034
361.700000 0.011219
361.800000 0.011390
361.900000 0.011546
362.000000 0.011685
362.100000 0.011808
362.200000 0.011914
362.300000 0.012004
362.400000 0.012076
362.500000 0.012131
362.600000 0.012168
362.700000 0.012188
362.800000 0.012190
362.900000 0.012174
363.000000 0.012141
363.100000 0.012090
363.200000 0.012021
363.300000 0.011935
363.400000 0.011832
363.500000 0.011713
363.600000 0.011577
363.700000 0.011425
363.800000 0.011258
363.900000 0.011076
364.000000 0.010879
364.100000 0.010668
364.200000 0.010443
364.300000 0.010205
364.400000 0.009956
364.500000 0.009694
364.600000 0.009421
364.700000 0.009138
364.800000 0.008845
364.900000 0.008543
365.000000 0.008233
365.100000 0.007914
365.200000 0.007589
365.300000 0.007257
365.400000 0.006919
365.500000 0.006577
365.600000 0.006230
365.700000 0.005879
365.800000 0.005526
365.900000 0.005170
366.000000 0.004813
366.100000 0.004456
366.200000 0.004099
366.300000 0.003743
366.400000 0.003389
366.500000 0.003039
366.600000 0.002693
366.700000 0.002353
366.800000 0.002021
366.900000 0.001698
367.000000 0.001387
367.100000 0.001579
367.200000 0.001897
367.300000 0.002224
367.400000 0.002558
367.500000 0.002898
367.600000 0.003243
367.700000 0.003590
367.800000 0.003939
367.900000 0.004288
368.000000 0.004638
368.100000 0.004986
368.200000 0.005333
368.300000 0.005677
368.400000 0.006017
368.500000 0.006354
368.600000 0.006686
368.700000 0.007012
368.800000 0.007332
368.900000 0.007645
369.000000 0.007951
369.100000 0.008249
369.200000 0.008539
369.300000 0.008819
369.400000 0.009089
369.500000 0.009349
369.600000 0.009597
369.700000 0.009834
369.800000 0.010059
369.900000 0.010271
370.000000 0.010470
370.100000 0.010655
370.200000 0.010826
370.300000 0.010983
370.400000 0.011124
370.500000 0.011250
370.600000 0.011360
370.700000 0.011454
370.800000 0.011531
370.900000 0.011592
371.000000 0.011637
371.100000 0.011664
371.200000 0.011675
371.300000 0.011669
371.400000 0.011646
371.500000 0.011606
371.600000 0.011549
371.700000 0.011476
371.800000 0.011386
371.900000 0.011280
372.000000 0.011159
372.100000 0.011022
372.200000 0.010870
372.300000 0.010703
372.400000 0.010522
372.500000 0.010327
372.600000 0.010119
372.700000 0.009898
372.800000 0.009665
372.900000 0.009420
373.000000 0.009164
373.100000 0.008898
373.200000 0.008622
373.300000 0.008336
373.400000 0.008042
373.500000 0.007740
373.600000 0.007430
373.700000 0.007114
373.800000 0.006792
373.900000 0.006464
374.000000 0.006132
374.100000 0.005795
374.200000 0.005455
374.300000 0.005113
374.400000 0.004769
374.500000 0.004424
374.600000 0.004078
374.700000 0.003734
374.800000 0.003391
374.900000 0.003050
375.000000 0.002713
375.100000 0.002382
375.200000 0.002057
375.300000 0.001741
375.400000 0.001435
375.500000 0.001306
375.600000 0.001606
375.700000 0.001917
375.800000 0.002236
375.900000 0.002562
376.000000 0.002893
376.100000 0.003227
376.200000 0.003563
376.300000 0.003901
376.400000 0.004239
376.500000 0.004577
376.600000 0.004913
376.700000 0.005246
376.800000 0.005577
376.900000 0.005904
377.000000 0.006227
377.100000 0.006544
377.200000 0.006856
377.300000 0.007161
377.400000 0.007460
377.500000 0.007751
377.600000 0.008033
377.700000 0.008307
377.800000 0.008572
377.900000 0.008827
378.000000 0.009071
378.100000 0.009304
378.200000 0.009526
378.300000 0.009736
378.400000 0.009933
378.500000 0.010117
378.600000 0.010288
378.700000 0.010445
378.800000 0.010587
378.900000 0.010715
379.000000 0.010828
379.100000 0.010926
379.200000 0.011008
379.300000 0.011075
379.400000 0.011126
379.500000 0.011160
379.600000 0.011179
379.700000 0.011182
379.800000 0.011168
379.900000 0.011138
380.000000 0.011092
380.100000 0.011031
380.200000 0.010953
380.300000 0.010861
380.400000 0.010752
380.500000 0.010629
380.600000 0.010492
380.700000 0.010339
380.800000 0.010173
380.900000 0.009994
381.000000 0.009802
381.100000 0.009596
381.200000 0.009379
381.300000 0.009151
381.400000 0.008911
381.500000 0.008661
381.600000 0.008401
381.700000 0.008131
381.800000 0.007853
381.900000 0.007566
382.000000 0.007272
382.100000 0.006972
382.200000 0.006664
382.300000 0.006351
382.400000 0.006033
382.500000 0.005711
382.600000 0.005385
382.700000 0.005056
382.800000 0.004724
382.900000 0.004391
383.000000 0.004058
383.100000 0.003724
383.200000 0.003392
383.300000 0.003061
383.400000 0.002734
383.500000 0.002410
383.600000 0.002093
383.700000 0.001783
383.800000 0.001483
383.900000 0.001194
384.000000 0.001340
384.100000 0.001634
384.200000 0.001938
384.300000 0.002249
384.400000 0.002566
384.500000 0.002888
384.600000 0.003212
384.700000 0.003538
384.800000 0.003865
384.900000 0.004191
385.000000 0.004517
385.100000 0.004840
385.200000 0.005161
385.300000 0.005479
385.400000 0.005792
385.500000 0.006101
385.600000 0.006405
385.700000 0.006702
385.800000 0.006993
385.900000 0.007277
386.000000 0.007553
386.100000 0.007821
386.200000 0.008080
386.300000 0.008330
386.400000 0.008570
386.500000 0.008799
386.600000 0.009018
386.700000 0.009225
386.800000 0.009420
386.900000 0.009603
387.000000 0.009773
387.100000 0.009930
387.200000 0.010074
387.300000 0.010204
387.400000 0.010319
387.500000 0.010420
387.600000 0.010507
387.700000 0.010578
387.800000 0.010635
387.900000 0.010676
388.000000 0.010702
388.100000 0.010712
388.200000 0.010707
388.300000 0.010687
388.400000 0.010651
388.500000 0.010600
388.600000 0.010534
388.700000 0.010454
388.800000 0.010358
388.900000 0.010248
389.000000 0.010123
389.100000 0.009985
389.200000 0.009833
389.300000 0.009668
389.400000 0.009491
389.500000 0.009301
389.600000 0.009099
389.700000 0.008886
389.800000 0.008661
389.900000 0.008427
390.000000 0.008182
390.100000 0.007928
390.200000 0.007665
390.300000 0.007394
390.400000 0.007115
390.500000 0.006829
390.600000 0.006537
390.700000 0.006239
390.800000 0.005935
390.900000 0.005626
391.000000 0.005314
391.100000 0.004998
391.200000 0.004679
391.300000 0.004358
391.400000 0.004036
391.500000 0.003714
391.600000 0.003392
391.700000 0.003071
391.800000 0.002753
391.900000 0.002439
392.000000 0.002129
392.100000 0.001826
392.200000 0.001531
392.300000 0.001246
392.400000 0.001097
392.500000 0.001374
392.600000 0.001662
392.700000 0.001959
392.800000 0.002263
392.900000 0.002571
393.000000 0.002883
393.100000 0.003198
393.200000 0.003513
393.300000 0.003829
393.400000 0.004144
393.500000 0.004458
393.600000 0.004769
393.700000 0.005077
393.800000 0.005382
393.900000 0.005682
394.000000 0.005977
394.100000 0.006267
394.200000 0.006551
394.300000 0.006828
394.400000 0.007097
394.500000 0.007359
394.600000 0.007613
394.700000 0.007857
394.800000 0.008093
394.900000 0.008318
395.000000 0.008533
395.100000 0.008737
395.200000 0.008931
395.300000 0.009112
395.400000 0.009282
395.500000 0.009439
395.600000 0.009583
395.700000 0.009714
395.800000 0.009831
395.900000 0.009935
396.000000 0.010025
396.100000 0.010101
396.200000 0.010163
396.300000 0.010210
396.400000 0.010242
396.500000 0.010260
396.600000 0.010263
396.700000 0.010251
396.800000 0.010225
396.900000 0.010184
397.000000 0.010128
397.100000 0.010059
397.200000 0.009975
397.300000 0.009877
397.400000 0.009765
397.500000 0.009640
397.600000 0.009501
397.700000 0.009350
397.800000 0.009186
397.900000 0.009011
398.000000 0.008823
398.100000 0.008625
398.200000 0.008415
398.300000 0.008196
398.400000 0.007966
398.500000 0.007727
398.600000 0.007479
398.700000 0.007223
398.800000 0.006959
398.900000 0.006687
399.000000 0.006409
399.100000 0.006125
399.200000 0.005835
399.300000 0.005541
399.400000 0.005241
399.500000 0.004938
399.600000 0.004632
399.700000 0.004324
399.800000 0.004013
399.900000 0.003702
400.000000 0.003391
400.100000 0.003080
400.200000 0.002772
400.300000 0.002466
400.400000 0.002164
400.500000 0.001867
400.600000 0.001578
400.700000 0.001298
400.800000 0.001030
