Graphic of V norm for Mu=0.100 C=1.000 Gamma=1.000
0.000000 1.000000
0.100000 0.998920
0.200000 0.957252
0.300000 0.820923
0.400000 0.635091
0.500000 0.493440
0.600000 0.484746
0.700000 0.474430
0.800000 0.465312
0.900000 0.456300
1.000000 0.447290
1.100000 0.438392
1.200000 0.429754
1.300000 0.421378
1.400000 0.413312
1.500000 0.405539
1.600000 0.398119
1.700000 0.390983
1.800000 0.384136
1.900000 0.377603
2.000000 0.371347
2.100000 0.365348
2.200000 0.359596
2.300000 0.354079
2.400000 0.348784
2.500000 0.343700
2.600000 0.338813
2.700000 0.334111
2.800000 0.329584
2.900000 0.325236
3.000000 0.321043
3.100000 0.316957
3.200000 0.312820
3.300000 0.308066
3.400000 0.300846
3.500000 0.287392
3.600000 0.278076
3.700000 0.274756
3.800000 0.271552
3.900000 0.268432
4.000000 0.265372
4.100000 0.262300
4.200000 0.259093
4.300000 0.255539
4.400000 0.251344
4.500000 0.246148
4.600000 0.239578
4.700000 0.231302
4.800000 0.221096
4.900000 0.233529
5.000000 0.242966
5.100000 0.249163
5.200000 0.252608
5.300000 0.253911
5.400000 0.253668
5.500000 0.252436
5.600000 0.250643
5.700000 0.248596
5.800000 0.246471
5.900000 0.244355
6.000000 0.242290
6.100000 0.240292
6.200000 0.238353
6.300000 0.236470
6.400000 0.234648
6.500000 0.232877
6.600000 0.231151
6.700000 0.229469
6.800000 0.227830
6.900000 0.226235
7.000000 0.224676
7.100000 0.223152
7.200000 0.221665
7.300000 0.220219
7.400000 0.218828
7.500000 0.217508
7.600000 0.216298
7.700000 0.215274
7.800000 0.214548
7.900000 0.214289
8.000000 0.214719
8.100000 0.216105
8.200000 0.218745
8.300000 0.222865
8.400000 0.228643
8.500000 0.236125
8.600000 0.245237
8.700000 0.255797
8.800000 0.267557
8.900000 0.280232
9.000000 0.293501
9.100000 0.307014
9.200000 0.320358
9.300000 0.333069
9.400000 0.344584
9.500000 0.354293
9.600000 0.361553
9.700000 0.365807
9.800000 0.366674
9.900000 0.364051
10.000000 0.358134
10.100000 0.349386
10.200000 0.338453
10.300000 0.326004
10.400000 0.312648
10.500000 0.298867
10.600000 0.285016
10.700000 0.271341
10.800000 0.258023
10.900000 0.245199
11.000000 0.232981
11.100000 0.221470
11.200000 0.210758
11.300000 0.200931
11.400000 0.192065
11.500000 0.184222
11.600000 0.178800
11.700000 0.177655
11.800000 0.176188
11.900000 0.174119
12.000000 0.171056
12.100000 0.166567
12.200000 0.160336
12.300000 0.155149
12.400000 0.154178
12.500000 0.153426
12.600000 0.152806
12.700000 0.152274
12.800000 0.151791
12.900000 0.151341
13.000000 0.150908
13.100000 0.150482
13.200000 0.150056
13.300000 0.149624
13.400000 0.149184
13.500000 0.148731
13.600000 0.148259
13.700000 0.147759
13.800000 0.147216
13.900000 0.146611
14.000000 0.145919
14.100000 0.145107
14.200000 0.144141
14.300000 0.142976
14.400000 0.141570
14.500000 0.139876
14.600000 0.140465
14.700000 0.144434
14.800000 0.147729
14.900000 0.150387
15.000000 0.152455
15.100000 0.153985
15.200000 0.155041
15.300000 0.155688
15.400000 0.155998
15.500000 0.156034
15.600000 0.155858
15.700000 0.155528
15.800000 0.155088
15.900000 0.154581
16.000000 0.154032
16.100000 0.153467
16.200000 0.152900
16.300000 0.152345
16.400000 0.151814
16.500000 0.151319
16.600000 0.150876
16.700000 0.150506
16.800000 0.150232
16.900000 0.150092
17.000000 0.150126
17.100000 0.150386
17.200000 0.150932
17.300000 0.151822
17.400000 0.153124
17.500000 0.154893
17.600000 0.157178
17.700000 0.160011
17.800000 0.163404
17.900000 0.167356
18.000000 0.171842
18.100000 0.176826
18.200000 0.182267
18.300000 0.188098
18.400000 0.194273
18.500000 0.200711
18.600000 0.207352
18.700000 0.214110
18.800000 0.220899
18.900000 0.227616
19.000000 0.234148
19.100000 0.240361
19.200000 0.246100
19.300000 0.251203
19.400000 0.255498
19.500000 0.258818
19.600000 0.261018
19.700000 0.261996
19.800000 0.261693
19.900000 0.260113
20.000000 0.257319
20.100000 0.253428
20.200000 0.248593
20.300000 0.242990
20.400000 0.236796
20.500000 0.230179
20.600000 0.223284
20.700000 0.216232
20.800000 0.209121
20.900000 0.202025
21.000000 0.195008
21.100000 0.188115
21.200000 0.181389
21.300000 0.174864
21.400000 0.168572
21.500000 0.162544
21.600000 0.156806
21.700000 0.151385
21.800000 0.146308
21.900000 0.141596
22.000000 0.137271
22.100000 0.133349
22.200000 0.129839
22.300000 0.126745
22.400000 0.124059
22.500000 0.121769
22.600000 0.119838
22.700000 0.118247
22.800000 0.116952
22.900000 0.115913
23.000000 0.115085
23.100000 0.114429
23.200000 0.113907
23.300000 0.113485
23.400000 0.113132
23.500000 0.112822
23.600000 0.112533
23.700000 0.112242
23.800000 0.111929
23.900000 0.111577
24.000000 0.111166
24.100000 0.110678
24.200000 0.110096
24.300000 0.109401
24.400000 0.109104
24.500000 0.111630
24.600000 0.113845
24.700000 0.115755
24.800000 0.117376
24.900000 0.118721
25.000000 0.119812
25.100000 0.120668
25.200000 0.121314
25.300000 0.121773
25.400000 0.122072
25.500000 0.122238
25.600000 0.122297
25.700000 0.122276
25.800000 0.122201
25.900000 0.122098
26.000000 0.121994
26.100000 0.121912
26.200000 0.121880
26.300000 0.121925
26.400000 0.122073
26.500000 0.122353
26.600000 0.122794
26.700000 0.123427
26.800000 0.124276
26.900000 0.125374
27.000000 0.126728
27.100000 0.128366
27.200000 0.130300
27.300000 0.132530
27.400000 0.135056
27.500000 0.137869
27.600000 0.140958
27.700000 0.144305
27.800000 0.147891
27.900000 0.151693
28.000000 0.155686
28.100000 0.159843
28.200000 0.164138
28.300000 0.168538
28.400000 0.173012
28.500000 0.177524
28.600000 0.182032
28.700000 0.186493
28.800000 0.190855
28.900000 0.195059
29.000000 0.199041
29.100000 0.202727
29.200000 0.206039
29.300000 0.208897
29.400000 0.211223
29.500000 0.212944
29.600000 0.214000
29.700000 0.214350
29.800000 0.213971
29.900000 0.212869
30.000000 0.211071
30.100000 0.208629
30.200000 0.205611
30.300000 0.202099
30.400000 0.198181
30.500000 0.193941
30.600000 0.189462
30.700000 0.184813
30.800000 0.180056
30.900000 0.175240
31.000000 0.170408
31.100000 0.165592
31.200000 0.160820
31.300000 0.156117
31.400000 0.151501
31.500000 0.146991
31.600000 0.142602
31.700000 0.138349
31.800000 0.134247
31.900000 0.130308
32.000000 0.126546
32.100000 0.122973
32.200000 0.119601
32.300000 0.116440
32.400000 0.113499
32.500000 0.110786
32.600000 0.108305
32.700000 0.106060
32.800000 0.104047
32.900000 0.102262
33.000000 0.100696
33.100000 0.099335
33.200000 0.098162
33.300000 0.097157
33.400000 0.096298
33.500000 0.095559
33.600000 0.094919
33.700000 0.094347
33.800000 0.093827
33.900000 0.093325
34.000000 0.092825
34.100000 0.092310
34.200000 0.091753
34.300000 0.092147
34.400000 0.093938
34.500000 0.095547
34.600000 0.096974
34.700000 0.098229
34.800000 0.099318
34.900000 0.100253
35.000000 0.101046
35.100000 0.101709
35.200000 0.102256
35.300000 0.102705
35.400000 0.103074
35.500000 0.103380
35.600000 0.103645
35.700000 0.103889
35.800000 0.104134
35.900000 0.104402
36.000000 0.104716
36.100000 0.105097
36.200000 0.105569
36.300000 0.106150
36.400000 0.106859
36.500000 0.107713
36.600000 0.108723
36.700000 0.109901
36.800000 0.111255
36.900000 0.112787
37.000000 0.114497
37.100000 0.116389
37.200000 0.118452
37.300000 0.120681
37.400000 0.123069
37.500000 0.125606
37.600000 0.128283
37.700000 0.131087
37.800000 0.134006
37.900000 0.137025
38.000000 0.140134
38.100000 0.143314
38.200000 0.146552
38.300000 0.149830
38.400000 0.153129
38.500000 0.156427
38.600000 0.159701
38.700000 0.162925
38.800000 0.166064
38.900000 0.169082
39.000000 0.171937
39.100000 0.174576
39.200000 0.176942
39.300000 0.178973
39.400000 0.180600
39.500000 0.181757
39.600000 0.182385
39.700000 0.182439
39.800000 0.181900
39.900000 0.180776
40.000000 0.179102
40.100000 0.176937
40.200000 0.174352
40.300000 0.171424
40.400000 0.168228
40.500000 0.164829
40.600000 0.161285
40.700000 0.157640
40.800000 0.153935
40.900000 0.150198
41.000000 0.146455
41.100000 0.142726
41.200000 0.139028
41.300000 0.135375
41.400000 0.131779
41.500000 0.128251
41.600000 0.124800
41.700000 0.121437
41.800000 0.118168
41.900000 0.115003
42.000000 0.111949
42.100000 0.109013
42.200000 0.106202
42.300000 0.103523
42.400000 0.100982
42.500000 0.098584
42.600000 0.096333
42.700000 0.094233
42.800000 0.092284
42.900000 0.090488
43.000000 0.088840
43.100000 0.087338
43.200000 0.085977
43.300000 0.084742
43.400000 0.083627
43.500000 0.082620
43.600000 0.081702
43.700000 0.080859
43.800000 0.080075
43.900000 0.079330
44.000000 0.078608
44.100000 0.077892
44.200000 0.077166
44.300000 0.077987
44.400000 0.079419
44.500000 0.080730
44.600000 0.081924
44.700000 0.083005
44.800000 0.083979
44.900000 0.084853
45.000000 0.085636
45.100000 0.086337
45.200000 0.086966
45.300000 0.087536
45.400000 0.088060
45.500000 0.088550
45.600000 0.089022
45.700000 0.089491
45.800000 0.089973
45.900000 0.090482
46.000000 0.091034
46.100000 0.091642
46.200000 0.092323
46.300000 0.093085
46.400000 0.093939
46.500000 0.094896
46.600000 0.095960
46.700000 0.097139
46.800000 0.098433
46.900000 0.099845
47.000000 0.101373
47.100000 0.103016
47.200000 0.104770
47.300000 0.106632
47.400000 0.108596
47.500000 0.110656
47.600000 0.112805
47.700000 0.115038
47.800000 0.117347
47.900000 0.119723
48.000000 0.122158
48.100000 0.124643
48.200000 0.127168
48.300000 0.129723
48.400000 0.132293
48.500000 0.134867
48.600000 0.137426
48.700000 0.139952
48.800000 0.142419
48.900000 0.144796
49.000000 0.147050
49.100000 0.149132
49.200000 0.150989
49.300000 0.152561
49.400000 0.153779
49.500000 0.154580
49.600000 0.154908
49.700000 0.154729
49.800000 0.154036
49.900000 0.152851
50.000000 0.151222
50.100000 0.149214
50.200000 0.146899
50.300000 0.144346
50.400000 0.141615
50.500000 0.138758
50.600000 0.135817
50.700000 0.132822
50.800000 0.129800
50.900000 0.126768
51.000000 0.123745
51.100000 0.120741
51.200000 0.117767
51.300000 0.114833
51.400000 0.111945
51.500000 0.109112
51.600000 0.106337
51.700000 0.103629
51.800000 0.100992
51.900000 0.098431
52.000000 0.095951
52.100000 0.093557
52.200000 0.091253
52.300000 0.089043
52.400000 0.086931
52.500000 0.084919
52.600000 0.083010
52.700000 0.081206
52.800000 0.079506
52.900000 0.077911
53.000000 0.076418
53.100000 0.075026
53.200000 0.073728
53.300000 0.072520
53.400000 0.071394
53.500000 0.070340
53.600000 0.069351
53.700000 0.068413
53.800000 0.067518
53.900000 0.066652
54.000000 0.065802
54.100000 0.064958
54.200000 0.064110
54.300000 0.064517
54.400000 0.065819
54.500000 0.067036
54.600000 0.068172
54.700000 0.069229
54.800000 0.070212
54.900000 0.071125
55.000000 0.071974
55.100000 0.072766
55.200000 0.073508
55.300000 0.074208
55.400000 0.074874
55.500000 0.075517
55.600000 0.076145
55.700000 0.076770
55.800000 0.077401
55.900000 0.078049
56.000000 0.078724
56.100000 0.079436
56.200000 0.080194
56.300000 0.081007
56.400000 0.081881
56.500000 0.082822
56.600000 0.083838
56.700000 0.084929
56.800000 0.086099
56.900000 0.087350
57.000000 0.088683
57.100000 0.090094
57.200000 0.091586
57.300000 0.093152
57.400000 0.094794
57.500000 0.096505
57.600000 0.098282
57.700000 0.100121
57.800000 0.102016
57.900000 0.103963
58.000000 0.105954
58.100000 0.107985
58.200000 0.110046
58.300000 0.112130
58.400000 0.114227
58.500000 0.116324
58.600000 0.118408
58.700000 0.120460
58.800000 0.122457
58.900000 0.124372
59.000000 0.126170
59.100000 0.127810
59.200000 0.129243
59.300000 0.130418
59.400000 0.131282
59.500000 0.131786
59.600000 0.131895
59.700000 0.131591
59.800000 0.130877
59.900000 0.129777
60.000000 0.128333
60.100000 0.126596
60.200000 0.124623
60.300000 0.122468
60.400000 0.120177
60.500000 0.117791
60.600000 0.115343
60.700000 0.112856
60.800000 0.110352
60.900000 0.107844
61.000000 0.105346
61.100000 0.102866
61.200000 0.100413
61.300000 0.097993
61.400000 0.095612
61.500000 0.093274
61.600000 0.090984
61.700000 0.088746
61.800000 0.086564
61.900000 0.084441
62.000000 0.082380
62.100000 0.080385
62.200000 0.078458
62.300000 0.076601
62.400000 0.074816
62.500000 0.073106
62.600000 0.071470
62.700000 0.069909
62.800000 0.068423
62.900000 0.067011
63.000000 0.065672
63.100000 0.064400
63.200000 0.063193
63.300000 0.062047
63.400000 0.060958
63.500000 0.059916
63.600000 0.058918
63.700000 0.057953
63.800000 0.057016
63.900000 0.056097
64.000000 0.055189
64.100000 0.054283
64.200000 0.053373
64.300000 0.053375
64.400000 0.054602
64.500000 0.055767
64.600000 0.056874
64.700000 0.057924
64.800000 0.058921
64.900000 0.059866
65.000000 0.060766
65.100000 0.061623
65.200000 0.062443
65.300000 0.063232
65.400000 0.063995
65.500000 0.064738
65.600000 0.065469
65.700000 0.066194
65.800000 0.066920
65.900000 0.067655
66.000000 0.068404
66.100000 0.069176
66.200000 0.069976
66.300000 0.070811
66.400000 0.071685
66.500000 0.072604
66.600000 0.073572
66.700000 0.074592
66.800000 0.075666
66.900000 0.076797
67.000000 0.077985
67.100000 0.079231
67.200000 0.080534
67.300000 0.081893
67.400000 0.083307
67.500000 0.084774
67.600000 0.086290
67.700000 0.087853
67.800000 0.089459
67.900000 0.091105
68.000000 0.092786
68.100000 0.094496
68.200000 0.096228
68.300000 0.097975
68.400000 0.099728
68.500000 0.101475
68.600000 0.103201
68.700000 0.104891
68.800000 0.106522
68.900000 0.108068
69.000000 0.109498
69.100000 0.110777
69.200000 0.111867
69.300000 0.112726
69.400000 0.113320
69.500000 0.113616
69.600000 0.113593
69.700000 0.113243
69.800000 0.112574
69.900000 0.111605
70.000000 0.110367
70.100000 0.108900
70.200000 0.107243
70.300000 0.105436
70.400000 0.103517
70.500000 0.101517
70.600000 0.099461
70.700000 0.097371
70.800000 0.095264
70.900000 0.093152
71.000000 0.091046
71.100000 0.088955
71.200000 0.086885
71.300000 0.084841
71.400000 0.082829
71.500000 0.080851
71.600000 0.078912
71.700000 0.077014
71.800000 0.075161
71.900000 0.073354
72.000000 0.071596
72.100000 0.069889
72.200000 0.068234
72.300000 0.066633
72.400000 0.065086
72.500000 0.063594
72.600000 0.062157
72.700000 0.060776
72.800000 0.059449
72.900000 0.058174
73.000000 0.056951
73.100000 0.055776
73.200000 0.054646
73.300000 0.053558
73.400000 0.052508
73.500000 0.051491
73.600000 0.050503
73.700000 0.049535
73.800000 0.048586
73.900000 0.047649
74.000000 0.046718
74.100000 0.045788
74.200000 0.044853
74.300000 0.044554
74.400000 0.045719
74.500000 0.046839
74.600000 0.047916
74.700000 0.048951
74.800000 0.049945
74.900000 0.050903
75.000000 0.051826
75.100000 0.052717
75.200000 0.053579
75.300000 0.054418
75.400000 0.055236
75.500000 0.056038
75.600000 0.056829
75.700000 0.057613
75.800000 0.058394
75.900000 0.059180
76.000000 0.059972
76.100000 0.060778
76.200000 0.061601
76.300000 0.062445
76.400000 0.063315
76.500000 0.064215
76.600000 0.065148
76.700000 0.066115
76.800000 0.067120
76.900000 0.068166
77.000000 0.069251
77.100000 0.070378
77.200000 0.071546
77.300000 0.072756
77.400000 0.074006
77.500000 0.075295
77.600000 0.076622
77.700000 0.077984
77.800000 0.079379
77.900000 0.080803
78.000000 0.082253
78.100000 0.083722
78.200000 0.085204
78.300000 0.086694
78.400000 0.088181
78.500000 0.089654
78.600000 0.091100
78.700000 0.092501
78.800000 0.093839
78.900000 0.095091
79.000000 0.096229
79.100000 0.097226
79.200000 0.098053
79.300000 0.098681
79.400000 0.099084
79.500000 0.099243
79.600000 0.099147
79.700000 0.098792
79.800000 0.098186
79.900000 0.097344
80.000000 0.096289
80.100000 0.095048
80.200000 0.093652
80.300000 0.092130
80.400000 0.090509
80.500000 0.088815
80.600000 0.087070
80.700000 0.085291
80.800000 0.083491
80.900000 0.081685
81.000000 0.079879
81.100000 0.078083
81.200000 0.076302
81.300000 0.074541
81.400000 0.072805
81.500000 0.071096
81.600000 0.069417
81.700000 0.067772
81.800000 0.066161
81.900000 0.064587
82.000000 0.063051
82.100000 0.061555
82.200000 0.060100
82.300000 0.058685
82.400000 0.057312
82.500000 0.055980
82.600000 0.054690
82.700000 0.053441
82.800000 0.052231
82.900000 0.051058
83.000000 0.049924
83.100000 0.048824
83.200000 0.047755
83.300000 0.046716
83.400000 0.045703
83.500000 0.044713
83.600000 0.043741
83.700000 0.042786
83.800000 0.041841
83.900000 0.040905
84.000000 0.039972
84.100000 0.039039
84.200000 0.038102
84.300000 0.037587
84.400000 0.038696
84.500000 0.039772
84.600000 0.040814
84.700000 0.041825
84.800000 0.042805
84.900000 0.043757
85.000000 0.044683
85.100000 0.045585
85.200000 0.046464
85.300000 0.047325
85.400000 0.048169
85.500000 0.049000
85.600000 0.049821
85.700000 0.050635
85.800000 0.051446
85.900000 0.052257
86.000000 0.053072
86.100000 0.053894
86.200000 0.054726
86.300000 0.055571
86.400000 0.056433
86.500000 0.057314
86.600000 0.058218
86.700000 0.059144
86.800000 0.060098
86.900000 0.061079
87.000000 0.062088
87.100000 0.063127
87.200000 0.064196
87.300000 0.065296
87.400000 0.066424
87.500000 0.067582
87.600000 0.068767
87.700000 0.069977
87.800000 0.071211
87.900000 0.072465
88.000000 0.073735
88.100000 0.075017
88.200000 0.076304
88.300000 0.077590
88.400000 0.078865
88.500000 0.080118
88.600000 0.081338
88.700000 0.082509
88.800000 0.083613
88.900000 0.084631
89.000000 0.085543
89.100000 0.086325
89.200000 0.086956
89.300000 0.087416
89.400000 0.087689
89.500000 0.087761
89.600000 0.087627
89.700000 0.087285
89.800000 0.086742
89.900000 0.086009
90.000000 0.085105
90.100000 0.084048
90.200000 0.082860
90.300000 0.081564
90.400000 0.080181
90.500000 0.078731
90.600000 0.077232
90.700000 0.075698
90.800000 0.074142
90.900000 0.072575
91.000000 0.071004
91.100000 0.069438
91.200000 0.067881
91.300000 0.066338
91.400000 0.064814
91.500000 0.063311
91.600000 0.061831
91.700000 0.060377
91.800000 0.058950
91.900000 0.057552
92.000000 0.056184
92.100000 0.054846
92.200000 0.053540
92.300000 0.052266
92.400000 0.051023
92.500000 0.049811
92.600000 0.048631
92.700000 0.047481
92.800000 0.046361
92.900000 0.045269
93.000000 0.044203
93.100000 0.043163
93.200000 0.042146
93.300000 0.041150
93.400000 0.040172
93.500000 0.039210
93.600000 0.038261
93.700000 0.037324
93.800000 0.036394
93.900000 0.035469
94.000000 0.034547
94.100000 0.033624
94.200000 0.032698
94.300000 0.032027
94.400000 0.033084
94.500000 0.034114
94.600000 0.035120
94.700000 0.036101
94.800000 0.037060
94.900000 0.037996
95.000000 0.038912
95.100000 0.039808
95.200000 0.040688
95.300000 0.041553
95.400000 0.042404
95.500000 0.043245
95.600000 0.044076
95.700000 0.044902
95.800000 0.045724
95.900000 0.046544
96.000000 0.047365
96.100000 0.048190
96.200000 0.049021
96.300000 0.049860
96.400000 0.050710
96.500000 0.051572
96.600000 0.052450
96.700000 0.053343
96.800000 0.054254
96.900000 0.055185
97.000000 0.056137
97.100000 0.057108
97.200000 0.058100
97.300000 0.059115
97.400000 0.060150
97.500000 0.061206
97.600000 0.062280
97.700000 0.063372
97.800000 0.064479
97.900000 0.065599
98.000000 0.066727
98.100000 0.067858
98.200000 0.068988
98.300000 0.070109
98.400000 0.071212
98.500000 0.072288
98.600000 0.073326
98.700000 0.074311
98.800000 0.075229
98.900000 0.076064
99.000000 0.076800
99.100000 0.077420
99.200000 0.077906
99.300000 0.078247
99.400000 0.078430
99.500000 0.078447
99.600000 0.078294
99.700000 0.077973
99.800000 0.077487
99.900000 0.076846
100.000000 0.076064
100.100000 0.075153
100.200000 0.074132
100.300000 0.073016
100.400000 0.071824
100.500000 0.070569
100.600000 0.069267
100.700000 0.067929
100.800000 0.066568
100.900000 0.065192
101.000000 0.063809
101.100000 0.062425
101.200000 0.061046
101.300000 0.059676
101.400000 0.058319
101.500000 0.056977
101.600000 0.055652
101.700000 0.054348
101.800000 0.053064
101.900000 0.051802
102.000000 0.050564
102.100000 0.049350
102.200000 0.048159
102.300000 0.046993
102.400000 0.045851
102.500000 0.044733
102.600000 0.043639
102.700000 0.042567
102.800000 0.041518
102.900000 0.040490
103.000000 0.039482
103.100000 0.038492
103.200000 0.037519
103.300000 0.036561
103.400000 0.035617
103.500000 0.034685
103.600000 0.033762
103.700000 0.032847
103.800000 0.031937
103.900000 0.031031
104.000000 0.030127
104.100000 0.029222
104.200000 0.028315
104.300000 0.027528
104.400000 0.028536
104.500000 0.029524
104.600000 0.030492
104.700000 0.031441
104.800000 0.032372
104.900000 0.033286
105.000000 0.034183
105.100000 0.035066
105.200000 0.035936
105.300000 0.036793
105.400000 0.037639
105.500000 0.038476
105.600000 0.039306
105.700000 0.040130
105.800000 0.040951
105.900000 0.041769
106.000000 0.042586
106.100000 0.043406
106.200000 0.044229
106.300000 0.045057
106.400000 0.045890
106.500000 0.046733
106.600000 0.047585
106.700000 0.048449
106.800000 0.049324
106.900000 0.050212
107.000000 0.051115
107.100000 0.052032
107.200000 0.052963
107.300000 0.053910
107.400000 0.054870
107.500000 0.055844
107.600000 0.056830
107.700000 0.057826
107.800000 0.058831
107.900000 0.059842
108.000000 0.060854
108.100000 0.061863
108.200000 0.062864
108.300000 0.063849
108.400000 0.064812
108.500000 0.065744
108.600000 0.066633
108.700000 0.067470
108.800000 0.068240
108.900000 0.068932
109.000000 0.069533
109.100000 0.070029
109.200000 0.070410
109.300000 0.070665
109.400000 0.070786
109.500000 0.070768
109.600000 0.070608
109.700000 0.070309
109.800000 0.069874
109.900000 0.069310
110.000000 0.068626
110.100000 0.067834
110.200000 0.066946
110.300000 0.065976
110.400000 0.064936
110.500000 0.063838
110.600000 0.062696
110.700000 0.061518
110.800000 0.060315
110.900000 0.059094
111.000000 0.057863
111.100000 0.056628
111.200000 0.055393
111.300000 0.054162
111.400000 0.052939
111.500000 0.051726
111.600000 0.050526
111.700000 0.049341
111.800000 0.048171
111.900000 0.047018
112.000000 0.045883
112.100000 0.044766
112.200000 0.043668
112.300000 0.042588
112.400000 0.041527
112.500000 0.040485
112.600000 0.039460
112.700000 0.038453
112.800000 0.037463
112.900000 0.036488
113.000000 0.035529
113.100000 0.034584
113.200000 0.033650
113.300000 0.032728
113.400000 0.031817
113.500000 0.030914
113.600000 0.030019
113.700000 0.029129
113.800000 0.028243
113.900000 0.027360
114.000000 0.026478
114.100000 0.025596
114.200000 0.024712
114.300000 0.023838
114.400000 0.024800
114.500000 0.025746
114.600000 0.026677
114.700000 0.027593
114.800000 0.028494
114.900000 0.029382
115.000000 0.030257
115.100000 0.031121
115.200000 0.031973
115.300000 0.032816
115.400000 0.033649
115.500000 0.034476
115.600000 0.035295
115.700000 0.036110
115.800000 0.036921
115.900000 0.037729
116.000000 0.038537
116.100000 0.039345
116.200000 0.040154
116.300000 0.040966
116.400000 0.041782
116.500000 0.042603
116.600000 0.043431
116.700000 0.044266
116.800000 0.045108
116.900000 0.045960
117.000000 0.046821
117.100000 0.047692
117.200000 0.048571
117.300000 0.049460
117.400000 0.050358
117.500000 0.051264
117.600000 0.052177
117.700000 0.053094
117.800000 0.054014
117.900000 0.054934
118.000000 0.055849
118.100000 0.056757
118.200000 0.057651
118.300000 0.058525
118.400000 0.059373
118.500000 0.060186
118.600000 0.060955
118.700000 0.061671
118.800000 0.062325
118.900000 0.062905
119.000000 0.063401
119.100000 0.063804
119.200000 0.064106
119.300000 0.064298
119.400000 0.064376
119.500000 0.064336
119.600000 0.064177
119.700000 0.063900
119.800000 0.063509
119.900000 0.063008
120.000000 0.062406
120.100000 0.061710
120.200000 0.060930
120.300000 0.060078
120.400000 0.059162
120.500000 0.058193
120.600000 0.057181
120.700000 0.056134
120.800000 0.055061
120.900000 0.053969
121.000000 0.052863
121.100000 0.051750
121.200000 0.050633
121.300000 0.049517
121.400000 0.048404
121.500000 0.047298
121.600000 0.046200
121.700000 0.045112
121.800000 0.044036
121.900000 0.042972
122.000000 0.041921
122.100000 0.040884
122.200000 0.039862
122.300000 0.038854
122.400000 0.037859
122.500000 0.036879
122.600000 0.035912
122.700000 0.034960
122.800000 0.034020
122.900000 0.033091
123.000000 0.032175
123.100000 0.031269
123.200000 0.030373
123.300000 0.029485
123.400000 0.028605
123.500000 0.027732
123.600000 0.026864
123.700000 0.026001
123.800000 0.025141
123.900000 0.024283
124.000000 0.023426
124.100000 0.022569
124.200000 0.021711
124.300000 0.020851
124.400000 0.021693
124.500000 0.022599
124.600000 0.023493
124.700000 0.024375
124.800000 0.025246
124.900000 0.026106
125.000000 0.026956
125.100000 0.027797
125.200000 0.028629
125.300000 0.029452
125.400000 0.030269
125.500000 0.031079
125.600000 0.031883
125.700000 0.032683
125.800000 0.033480
125.900000 0.034274
126.000000 0.035066
126.100000 0.035858
126.200000 0.036651
126.300000 0.037445
126.400000 0.038241
126.500000 0.039039
126.600000 0.039842
126.700000 0.040649
126.800000 0.041461
126.900000 0.042279
127.000000 0.043102
127.100000 0.043931
127.200000 0.044766
127.300000 0.045606
127.400000 0.046450
127.500000 0.047298
127.600000 0.048148
127.700000 0.048998
127.800000 0.049846
127.900000 0.050689
128.000000 0.051523
128.100000 0.052345
128.200000 0.053149
128.300000 0.053930
128.400000 0.054682
128.500000 0.055397
128.600000 0.056068
128.700000 0.056688
128.800000 0.057248
128.900000 0.057739
129.000000 0.058155
129.100000 0.058487
129.200000 0.058729
129.300000 0.058876
129.400000 0.058925
129.500000 0.058872
129.600000 0.058717
129.700000 0.058461
129.800000 0.058107
129.900000 0.057660
130.000000 0.057125
130.100000 0.056508
130.200000 0.055817
130.300000 0.055061
130.400000 0.054248
130.500000 0.053385
130.600000 0.052481
130.700000 0.051543
130.800000 0.050578
130.900000 0.049593
131.000000 0.048592
131.100000 0.047581
131.200000 0.046563
131.300000 0.045543
131.400000 0.044523
131.500000 0.043505
131.600000 0.042493
131.700000 0.041487
131.800000 0.040488
131.900000 0.039499
132.000000 0.038519
132.100000 0.037549
132.200000 0.036590
132.300000 0.035642
132.400000 0.034705
132.500000 0.033778
132.600000 0.032862
132.700000 0.031956
132.800000 0.031060
132.900000 0.030174
133.000000 0.029296
133.100000 0.028426
133.200000 0.027564
133.300000 0.026709
133.400000 0.025860
133.500000 0.025016
133.600000 0.024176
133.700000 0.023339
133.800000 0.022506
133.900000 0.021674
134.000000 0.020844
134.100000 0.020013
134.200000 0.019183
134.300000 0.018351
134.400000 0.019078
134.500000 0.019946
134.600000 0.020804
134.700000 0.021654
134.800000 0.022494
134.900000 0.023326
135.000000 0.024149
135.100000 0.024965
135.200000 0.025774
135.300000 0.026576
135.400000 0.027372
135.500000 0.028163
135.600000 0.028949
135.700000 0.029732
135.800000 0.030511
135.900000 0.031287
136.000000 0.032062
136.100000 0.032835
136.200000 0.033608
136.300000 0.034382
136.400000 0.035156
136.500000 0.035932
136.600000 0.036710
136.700000 0.037490
136.800000 0.038273
136.900000 0.039059
137.000000 0.039848
137.100000 0.040640
137.200000 0.041434
137.300000 0.042229
137.400000 0.043026
137.500000 0.043823
137.600000 0.044617
137.700000 0.045409
137.800000 0.046194
137.900000 0.046970
138.000000 0.047735
138.100000 0.048483
138.200000 0.049211
138.300000 0.049914
138.400000 0.050585
138.500000 0.051220
138.600000 0.051811
138.700000 0.052352
138.800000 0.052837
138.900000 0.053258
139.000000 0.053610
139.100000 0.053888
139.200000 0.054085
139.300000 0.054199
139.400000 0.054227
139.500000 0.054166
139.600000 0.054018
139.700000 0.053782
139.800000 0.053461
139.900000 0.053059
140.000000 0.052579
140.100000 0.052028
140.200000 0.051412
140.300000 0.050736
140.400000 0.050008
140.500000 0.049233
140.600000 0.048420
140.700000 0.047574
140.800000 0.046700
140.900000 0.045805
141.000000 0.044893
141.100000 0.043968
141.200000 0.043035
141.300000 0.042096
141.400000 0.041155
141.500000 0.040213
141.600000 0.039273
141.700000 0.038337
141.800000 0.037405
141.900000 0.036480
142.000000 0.035561
142.100000 0.034649
142.200000 0.033745
142.300000 0.032849
142.400000 0.031960
142.500000 0.031081
142.600000 0.030209
142.700000 0.029345
142.800000 0.028489
142.900000 0.027640
143.000000 0.026797
143.100000 0.025962
143.200000 0.025132
143.300000 0.024307
143.400000 0.023487
143.500000 0.022672
143.600000 0.021860
143.700000 0.021051
143.800000 0.020244
143.900000 0.019439
144.000000 0.018636
144.100000 0.017833
144.200000 0.017030
144.300000 0.016227
144.400000 0.016855
144.500000 0.017687
144.600000 0.018511
144.700000 0.019328
144.800000 0.020138
144.900000 0.020942
145.000000 0.021738
145.100000 0.022529
145.200000 0.023314
145.300000 0.024093
145.400000 0.024867
145.500000 0.025637
145.600000 0.026403
145.700000 0.027165
145.800000 0.027925
145.900000 0.028682
146.000000 0.029436
146.100000 0.030190
146.200000 0.030943
146.300000 0.031695
146.400000 0.032447
146.500000 0.033199
146.600000 0.033952
146.700000 0.034706
146.800000 0.035460
146.900000 0.036216
147.000000 0.036972
147.100000 0.037728
147.200000 0.038485
147.300000 0.039240
147.400000 0.039994
147.500000 0.040745
147.600000 0.041491
147.700000 0.042230
147.800000 0.042960
147.900000 0.043679
148.000000 0.044382
148.100000 0.045068
148.200000 0.045730
148.300000 0.046366
148.400000 0.046970
148.500000 0.047537
148.600000 0.048061
148.700000 0.048538
148.800000 0.048962
148.900000 0.049328
149.000000 0.049630
149.100000 0.049864
149.200000 0.050028
149.300000 0.050117
149.400000 0.050131
149.500000 0.050067
149.600000 0.049925
149.700000 0.049708
149.800000 0.049416
149.900000 0.049052
150.000000 0.048620
150.100000 0.048124
150.200000 0.047570
150.300000 0.046961
150.400000 0.046305
150.500000 0.045605
150.600000 0.044869
150.700000 0.044100
150.800000 0.043304
150.900000 0.042486
151.000000 0.041650
151.100000 0.040800
151.200000 0.039939
151.300000 0.039071
151.400000 0.038198
151.500000 0.037322
151.600000 0.036445
151.700000 0.035569
151.800000 0.034696
151.900000 0.033826
152.000000 0.032960
152.100000 0.032098
152.200000 0.031243
152.300000 0.030393
152.400000 0.029549
152.500000 0.028711
152.600000 0.027879
152.700000 0.027053
152.800000 0.026233
152.900000 0.025419
153.000000 0.024609
153.100000 0.023805
153.200000 0.023006
153.300000 0.022211
153.400000 0.021419
153.500000 0.020632
153.600000 0.019847
153.700000 0.019065
153.800000 0.018285
153.900000 0.017507
154.000000 0.016730
154.100000 0.015955
154.200000 0.015180
154.300000 0.014406
154.400000 0.014950
154.500000 0.015746
154.600000 0.016538
154.700000 0.017324
154.800000 0.018104
154.900000 0.018879
155.000000 0.019649
155.100000 0.020414
155.200000 0.021174
155.300000 0.021930
155.400000 0.022682
155.500000 0.023430
155.600000 0.024174
155.700000 0.024915
155.800000 0.025654
155.900000 0.026390
156.000000 0.027124
156.100000 0.027857
156.200000 0.028588
156.300000 0.029318
156.400000 0.030047
156.500000 0.030776
156.600000 0.031504
156.700000 0.032231
156.800000 0.032958
156.900000 0.033684
157.000000 0.034410
157.100000 0.035133
157.200000 0.035855
157.300000 0.036573
157.400000 0.037287
157.500000 0.037996
157.600000 0.038697
157.700000 0.039390
157.800000 0.040071
157.900000 0.040738
158.000000 0.041388
158.100000 0.042018
158.200000 0.042625
158.300000 0.043203
158.400000 0.043749
158.500000 0.044259
158.600000 0.044729
158.700000 0.045152
158.800000 0.045526
158.900000 0.045846
159.000000 0.046109
159.100000 0.046310
159.200000 0.046447
159.300000 0.046518
159.400000 0.046522
159.500000 0.046457
159.600000 0.046323
159.700000 0.046123
159.800000 0.045856
159.900000 0.045525
160.000000 0.045134
160.100000 0.044685
160.200000 0.044183
160.300000 0.043632
160.400000 0.043036
160.500000 0.042401
160.600000 0.041730
160.700000 0.041027
160.800000 0.040299
160.900000 0.039547
161.000000 0.038777
161.100000 0.037992
161.200000 0.037195
161.300000 0.036388
161.400000 0.035574
161.500000 0.034756
161.600000 0.033935
161.700000 0.033113
161.800000 0.032291
161.900000 0.031470
162.000000 0.030652
162.100000 0.029836
162.200000 0.029023
162.300000 0.028214
162.400000 0.027410
162.500000 0.026610
162.600000 0.025815
162.700000 0.025024
162.800000 0.024237
162.900000 0.023454
163.000000 0.022676
163.100000 0.021902
163.200000 0.021132
163.300000 0.020365
163.400000 0.019602
163.500000 0.018841
163.600000 0.018083
163.700000 0.017328
163.800000 0.016574
163.900000 0.015823
164.000000 0.015073
164.100000 0.014325
164.200000 0.013578
164.300000 0.012832
164.400000 0.013304
164.500000 0.014067
164.600000 0.014826
164.700000 0.015582
164.800000 0.016333
164.900000 0.017081
165.000000 0.017824
165.100000 0.018564
165.200000 0.019299
165.300000 0.020032
165.400000 0.020760
165.500000 0.021486
165.600000 0.022208
165.700000 0.022928
165.800000 0.023645
165.900000 0.024360
166.000000 0.025073
166.100000 0.025784
166.200000 0.026493
166.300000 0.027201
166.400000 0.027907
166.500000 0.028612
166.600000 0.029315
166.700000 0.030017
166.800000 0.030716
166.900000 0.031414
167.000000 0.032110
167.100000 0.032802
167.200000 0.033490
167.300000 0.034174
167.400000 0.034851
167.500000 0.035521
167.600000 0.036182
167.700000 0.036832
167.800000 0.037469
167.900000 0.038090
168.000000 0.038693
168.100000 0.039275
168.200000 0.039832
168.300000 0.040360
168.400000 0.040858
168.500000 0.041319
168.600000 0.041742
168.700000 0.042121
168.800000 0.042454
168.900000 0.042737
169.000000 0.042968
169.100000 0.043142
169.200000 0.043259
169.300000 0.043316
169.400000 0.043313
169.500000 0.043249
169.600000 0.043123
169.700000 0.042938
169.800000 0.042693
169.900000 0.042391
170.000000 0.042035
170.100000 0.041627
170.200000 0.041170
170.300000 0.040668
170.400000 0.040125
170.500000 0.039544
170.600000 0.038929
170.700000 0.038285
170.800000 0.037615
170.900000 0.036922
171.000000 0.036210
171.100000 0.035481
171.200000 0.034740
171.300000 0.033988
171.400000 0.033227
171.500000 0.032460
171.600000 0.031689
171.700000 0.030914
171.800000 0.030138
171.900000 0.029362
172.000000 0.028586
172.100000 0.027811
172.200000 0.027038
172.300000 0.026267
172.400000 0.025499
172.500000 0.024734
172.600000 0.023972
172.700000 0.023214
172.800000 0.022458
172.900000 0.021706
173.000000 0.020957
173.100000 0.020212
173.200000 0.019469
173.300000 0.018729
173.400000 0.017993
173.500000 0.017258
173.600000 0.016527
173.700000 0.015797
173.800000 0.015070
173.900000 0.014344
174.000000 0.013621
174.100000 0.012899
174.200000 0.012180
174.300000 0.011463
174.400000 0.011872
174.500000 0.012603
174.600000 0.013332
174.700000 0.014058
174.800000 0.014782
174.900000 0.015502
175.000000 0.016219
175.100000 0.016934
175.200000 0.017645
175.300000 0.018354
175.400000 0.019060
175.500000 0.019763
175.600000 0.020463
175.700000 0.021161
175.800000 0.021856
175.900000 0.022550
176.000000 0.023241
176.100000 0.023930
176.200000 0.024617
176.300000 0.025302
176.400000 0.025985
176.500000 0.026667
176.600000 0.027345
176.700000 0.028022
176.800000 0.028696
176.900000 0.029366
177.000000 0.030033
177.100000 0.030695
177.200000 0.031352
177.300000 0.032002
177.400000 0.032646
177.500000 0.033279
177.600000 0.033903
177.700000 0.034514
177.800000 0.035111
177.900000 0.035691
178.000000 0.036251
178.100000 0.036790
178.200000 0.037303
178.300000 0.037789
178.400000 0.038243
178.500000 0.038664
178.600000 0.039046
178.700000 0.039389
178.800000 0.039687
178.900000 0.039940
179.000000 0.040144
179.100000 0.040297
179.200000 0.040398
179.300000 0.040445
179.400000 0.040437
179.500000 0.040374
179.600000 0.040257
179.700000 0.040085
179.800000 0.039860
179.900000 0.039583
180.000000 0.039257
180.100000 0.038884
180.200000 0.038467
180.300000 0.038007
180.400000 0.037510
180.500000 0.036977
180.600000 0.036412
180.700000 0.035818
180.800000 0.035199
180.900000 0.034557
181.000000 0.033896
181.100000 0.033218
181.200000 0.032527
181.300000 0.031823
181.400000 0.031110
181.500000 0.030390
181.600000 0.029663
181.700000 0.028932
181.800000 0.028198
181.900000 0.027462
182.000000 0.026725
182.100000 0.025987
182.200000 0.025250
182.300000 0.024514
182.400000 0.023780
182.500000 0.023047
182.600000 0.022317
182.700000 0.021588
182.800000 0.020863
182.900000 0.020139
183.000000 0.019418
183.100000 0.018700
183.200000 0.017984
183.300000 0.017270
183.400000 0.016559
183.500000 0.015851
183.600000 0.015144
183.700000 0.014440
183.800000 0.013738
183.900000 0.013039
184.000000 0.012341
184.100000 0.011646
184.200000 0.010954
184.300000 0.010264
184.400000 0.010620
184.500000 0.011320
184.600000 0.012020
184.700000 0.012717
184.800000 0.013414
184.900000 0.014108
185.000000 0.014800
185.100000 0.015490
185.200000 0.016177
185.300000 0.016862
185.400000 0.017545
185.500000 0.018226
185.600000 0.018904
185.700000 0.019580
185.800000 0.020254
185.900000 0.020926
186.000000 0.021595
186.100000 0.022263
186.200000 0.022928
186.300000 0.023591
186.400000 0.024251
186.500000 0.024909
186.600000 0.025563
186.700000 0.026215
186.800000 0.026863
186.900000 0.027507
187.000000 0.028146
187.100000 0.028779
187.200000 0.029406
187.300000 0.030026
187.400000 0.030636
187.500000 0.031237
187.600000 0.031826
187.700000 0.032401
187.800000 0.032961
187.900000 0.033503
188.000000 0.034026
188.100000 0.034526
188.200000 0.035001
188.300000 0.035449
188.400000 0.035866
188.500000 0.036250
188.600000 0.036599
188.700000 0.036910
188.800000 0.037180
188.900000 0.037407
189.000000 0.037589
189.100000 0.037725
189.200000 0.037813
189.300000 0.037852
189.400000 0.037841
189.500000 0.037781
189.600000 0.037670
189.700000 0.037511
189.800000 0.037304
189.900000 0.037050
190.000000 0.036750
190.100000 0.036408
190.200000 0.036024
190.300000 0.035602
190.400000 0.035144
190.500000 0.034653
190.600000 0.034132
190.700000 0.033583
190.800000 0.033009
190.900000 0.032413
191.000000 0.031798
191.100000 0.031165
191.200000 0.030518
191.300000 0.029859
191.400000 0.029189
191.500000 0.028510
191.600000 0.027824
191.700000 0.027133
191.800000 0.026437
191.900000 0.025738
192.000000 0.025037
192.100000 0.024334
192.200000 0.023631
192.300000 0.022927
192.400000 0.022224
192.500000 0.021522
192.600000 0.020821
192.700000 0.020122
192.800000 0.019424
192.900000 0.018727
193.000000 0.018033
193.100000 0.017341
193.200000 0.016650
193.300000 0.015962
193.400000 0.015276
193.500000 0.014592
193.600000 0.013911
193.700000 0.013231
193.800000 0.012554
193.900000 0.011879
194.000000 0.011207
194.100000 0.010538
194.200000 0.009872
194.300000 0.009210
194.400000 0.009520
194.500000 0.010190
194.600000 0.010861
194.700000 0.011532
194.800000 0.012201
194.900000 0.012870
195.000000 0.013537
195.100000 0.014203
195.200000 0.014867
195.300000 0.015529
195.400000 0.016190
195.500000 0.016848
195.600000 0.017505
195.700000 0.018159
195.800000 0.018812
195.900000 0.019462
196.000000 0.020110
196.100000 0.020756
196.200000 0.021399
196.300000 0.022039
196.400000 0.022677
196.500000 0.023312
196.600000 0.023943
196.700000 0.024570
196.800000 0.025193
196.900000 0.025811
197.000000 0.026424
197.100000 0.027029
197.200000 0.027628
197.300000 0.028218
197.400000 0.028798
197.500000 0.029367
197.600000 0.029924
197.700000 0.030466
197.800000 0.030992
197.900000 0.031500
198.000000 0.031988
198.100000 0.032453
198.200000 0.032894
198.300000 0.033308
198.400000 0.033693
198.500000 0.034046
198.600000 0.034366
198.700000 0.034649
198.800000 0.034895
198.900000 0.035100
199.000000 0.035264
199.100000 0.035386
199.200000 0.035463
199.300000 0.035496
199.400000 0.035484
199.500000 0.035426
199.600000 0.035323
199.700000 0.035175
199.800000 0.034983
199.900000 0.034749
200.000000 0.034473
200.100000 0.034158
200.200000 0.033804
200.300000 0.033415
200.400000 0.032992
200.500000 0.032538
200.600000 0.032055
200.700000 0.031546
200.800000 0.031013
200.900000 0.030458
201.000000 0.029883
201.100000 0.029292
201.200000 0.028685
201.300000 0.028066
201.400000 0.027435
201.500000 0.026794
201.600000 0.026146
201.700000 0.025491
201.800000 0.024831
201.900000 0.024166
202.000000 0.023498
202.100000 0.022828
202.200000 0.022156
202.300000 0.021483
202.400000 0.020810
202.500000 0.020136
202.600000 0.019463
202.700000 0.018791
202.800000 0.018119
202.900000 0.017449
203.000000 0.016780
203.100000 0.016113
203.200000 0.015447
203.300000 0.014783
203.400000 0.014122
203.500000 0.013462
203.600000 0.012804
203.700000 0.012149
203.800000 0.011496
203.900000 0.010846
204.000000 0.010199
204.100000 0.009555
204.200000 0.008914
204.300000 0.008278
204.400000 0.008548
204.500000 0.009191
204.600000 0.009834
204.700000 0.010478
204.800000 0.011122
204.900000 0.011766
205.000000 0.012409
205.100000 0.013051
205.200000 0.013693
205.300000 0.014332
205.400000 0.014971
205.500000 0.015607
205.600000 0.016243
205.700000 0.016876
205.800000 0.017507
205.900000 0.018136
206.000000 0.018763
206.100000 0.019387
206.200000 0.020009
206.300000 0.020627
206.400000 0.021243
206.500000 0.021855
206.600000 0.022463
206.700000 0.023066
206.800000 0.023665
206.900000 0.024258
207.000000 0.024844
207.100000 0.025423
207.200000 0.025995
207.300000 0.026556
207.400000 0.027108
207.500000 0.027647
207.600000 0.028174
207.700000 0.028685
207.800000 0.029180
207.900000 0.029657
208.000000 0.030113
208.100000 0.030548
208.200000 0.030958
208.300000 0.031342
208.400000 0.031698
208.500000 0.032024
208.600000 0.032318
208.700000 0.032578
208.800000 0.032802
208.900000 0.032989
209.000000 0.033138
209.100000 0.033248
209.200000 0.033317
209.300000 0.033345
209.400000 0.033331
209.500000 0.033276
209.600000 0.033180
209.700000 0.033043
209.800000 0.032865
209.900000 0.032648
210.000000 0.032393
210.100000 0.032102
210.200000 0.031775
210.300000 0.031415
210.400000 0.031024
210.500000 0.030603
210.600000 0.030154
210.700000 0.029680
210.800000 0.029183
210.900000 0.028665
211.000000 0.028128
211.100000 0.027573
211.200000 0.027004
211.300000 0.026420
211.400000 0.025826
211.500000 0.025220
211.600000 0.024607
211.700000 0.023985
211.800000 0.023358
211.900000 0.022726
212.000000 0.022089
212.100000 0.021449
212.200000 0.020807
212.300000 0.020163
212.400000 0.019517
212.500000 0.018871
212.600000 0.018225
212.700000 0.017578
212.800000 0.016932
212.900000 0.016287
213.000000 0.015642
213.100000 0.014999
213.200000 0.014357
213.300000 0.013717
213.400000 0.013079
213.500000 0.012442
213.600000 0.011808
213.700000 0.011176
213.800000 0.010547
213.900000 0.009921
214.000000 0.009298
214.100000 0.008678
214.200000 0.008063
214.300000 0.007453
214.400000 0.007688
214.500000 0.008303
214.600000 0.008920
214.700000 0.009538
214.800000 0.010158
214.900000 0.010778
215.000000 0.011397
215.100000 0.012017
215.200000 0.012635
215.300000 0.013253
215.400000 0.013870
215.500000 0.014485
215.600000 0.015099
215.700000 0.015711
215.800000 0.016322
215.900000 0.016930
216.000000 0.017536
216.100000 0.018139
216.200000 0.018739
216.300000 0.019336
216.400000 0.019930
216.500000 0.020520
216.600000 0.021105
216.700000 0.021685
216.800000 0.022260
216.900000 0.022829
217.000000 0.023390
217.100000 0.023944
217.200000 0.024489
217.300000 0.025025
217.400000 0.025549
217.500000 0.026060
217.600000 0.026558
217.700000 0.027041
217.800000 0.027508
217.900000 0.027955
218.000000 0.028383
218.100000 0.028789
218.200000 0.029172
218.300000 0.029529
218.400000 0.029860
218.500000 0.030161
218.600000 0.030432
218.700000 0.030672
218.800000 0.030878
218.900000 0.031050
219.000000 0.031185
219.100000 0.031285
219.200000 0.031347
219.300000 0.031371
219.400000 0.031357
219.500000 0.031305
219.600000 0.031215
219.700000 0.031087
219.800000 0.030922
219.900000 0.030721
220.000000 0.030485
220.100000 0.030215
220.200000 0.029912
220.300000 0.029578
220.400000 0.029215
220.500000 0.028823
220.600000 0.028406
220.700000 0.027964
220.800000 0.027500
220.900000 0.027015
221.000000 0.026511
221.100000 0.025990
221.200000 0.025455
221.300000 0.024905
221.400000 0.024343
221.500000 0.023771
221.600000 0.023189
221.700000 0.022600
221.800000 0.022003
221.900000 0.021401
222.000000 0.020793
222.100000 0.020182
222.200000 0.019568
222.300000 0.018951
222.400000 0.018332
222.500000 0.017712
222.600000 0.017090
222.700000 0.016469
222.800000 0.015847
222.900000 0.015226
223.000000 0.014605
223.100000 0.013985
223.200000 0.013366
223.300000 0.012749
223.400000 0.012133
223.500000 0.011520
223.600000 0.010908
223.700000 0.010299
223.800000 0.009693
223.900000 0.009090
224.000000 0.008490
224.100000 0.007895
224.200000 0.007304
224.300000 0.006719
224.400000 0.006923
224.500000 0.007512
224.600000 0.008103
224.700000 0.008697
224.800000 0.009293
224.900000 0.009889
225.000000 0.010486
225.100000 0.011083
225.200000 0.011680
225.300000 0.012277
225.400000 0.012872
225.500000 0.013467
225.600000 0.014060
225.700000 0.014652
225.800000 0.015241
225.900000 0.015829
226.000000 0.016414
226.100000 0.016996
226.200000 0.017576
226.300000 0.018152
226.400000 0.018724
226.500000 0.019292
226.600000 0.019855
226.700000 0.020413
226.800000 0.020965
226.900000 0.021510
227.000000 0.022047
227.100000 0.022577
227.200000 0.023097
227.300000 0.023607
227.400000 0.024105
227.500000 0.024590
227.600000 0.025062
227.700000 0.025518
227.800000 0.025958
227.900000 0.026379
228.000000 0.026781
228.100000 0.027161
228.200000 0.027519
228.300000 0.027852
228.400000 0.028159
228.500000 0.028439
228.600000 0.028691
228.700000 0.028912
228.800000 0.029102
228.900000 0.029260
229.000000 0.029385
229.100000 0.029475
229.200000 0.029532
229.300000 0.029553
229.400000 0.029539
229.500000 0.029490
229.600000 0.029405
229.700000 0.029286
229.800000 0.029133
229.900000 0.028946
230.000000 0.028727
230.100000 0.028476
230.200000 0.028195
230.300000 0.027884
230.400000 0.027545
230.500000 0.027181
230.600000 0.026791
230.700000 0.026378
230.800000 0.025944
230.900000 0.025489
231.000000 0.025017
231.100000 0.024527
231.200000 0.024022
231.300000 0.023503
231.400000 0.022972
231.500000 0.022430
231.600000 0.021879
231.700000 0.021319
231.800000 0.020751
231.900000 0.020177
232.000000 0.019597
232.100000 0.019013
232.200000 0.018425
232.300000 0.017834
232.400000 0.017241
232.500000 0.016646
232.600000 0.016049
232.700000 0.015451
232.800000 0.014853
232.900000 0.014255
233.000000 0.013657
233.100000 0.013059
233.200000 0.012463
233.300000 0.011868
233.400000 0.011274
233.500000 0.010682
233.600000 0.010093
233.700000 0.009506
233.800000 0.008922
233.900000 0.008341
234.000000 0.007765
234.100000 0.007192
234.200000 0.006625
234.300000 0.006064
234.400000 0.006241
234.500000 0.006805
234.600000 0.007372
234.700000 0.007942
234.800000 0.008515
234.900000 0.009089
235.000000 0.009664
235.100000 0.010239
235.200000 0.010815
235.300000 0.011390
235.400000 0.011965
235.500000 0.012539
235.600000 0.013112
235.700000 0.013683
235.800000 0.014253
235.900000 0.014820
236.000000 0.015385
236.100000 0.015947
236.200000 0.016506
236.300000 0.017062
236.400000 0.017613
236.500000 0.018159
236.600000 0.018701
236.700000 0.019237
236.800000 0.019766
236.900000 0.020289
237.000000 0.020803
237.100000 0.021309
237.200000 0.021805
237.300000 0.022291
237.400000 0.022765
237.500000 0.023225
237.600000 0.023672
237.700000 0.024103
237.800000 0.024518
237.900000 0.024915
238.000000 0.025293
238.100000 0.025650
238.200000 0.025984
238.300000 0.026296
238.400000 0.026582
238.500000 0.026843
238.600000 0.027077
238.700000 0.027282
238.800000 0.027458
238.900000 0.027604
239.000000 0.027719
239.100000 0.027802
239.200000 0.027853
239.300000 0.027872
239.400000 0.027858
239.500000 0.027812
239.600000 0.027733
239.700000 0.027622
239.800000 0.027479
239.900000 0.027306
240.000000 0.027101
240.100000 0.026868
240.200000 0.026606
240.300000 0.026316
240.400000 0.026000
240.500000 0.025660
240.600000 0.025295
240.700000 0.024909
240.800000 0.024502
240.900000 0.024075
241.000000 0.023630
241.100000 0.023169
241.200000 0.022693
241.300000 0.022203
241.400000 0.021701
241.500000 0.021187
241.600000 0.020664
241.700000 0.020131
241.800000 0.019591
241.900000 0.019044
242.000000 0.018490
242.100000 0.017932
242.200000 0.017369
242.300000 0.016803
242.400000 0.016234
242.500000 0.015662
242.600000 0.015089
242.700000 0.014514
242.800000 0.013939
242.900000 0.013363
243.000000 0.012787
243.100000 0.012211
243.200000 0.011636
243.300000 0.011063
243.400000 0.010490
243.500000 0.009920
243.600000 0.009352
243.700000 0.008786
243.800000 0.008224
243.900000 0.007665
244.000000 0.007111
244.100000 0.006561
244.200000 0.006017
244.300000 0.005479
244.400000 0.005632
244.500000 0.006172
244.600000 0.006715
244.700000 0.007263
244.800000 0.007813
244.900000 0.008365
245.000000 0.008918
245.100000 0.009473
245.200000 0.010028
245.300000 0.010583
245.400000 0.011138
245.500000 0.011692
245.600000 0.012245
245.700000 0.012797
245.800000 0.013347
245.900000 0.013894
246.000000 0.014439
246.100000 0.014981
246.200000 0.015520
246.300000 0.016055
246.400000 0.016586
246.500000 0.017112
246.600000 0.017632
246.700000 0.018147
246.800000 0.018654
246.900000 0.019155
247.000000 0.019647
247.100000 0.020130
247.200000 0.020604
247.300000 0.021066
247.400000 0.021517
247.500000 0.021954
247.600000 0.022377
247.700000 0.022786
247.800000 0.023177
247.900000 0.023552
248.000000 0.023907
248.100000 0.024242
248.200000 0.024556
248.300000 0.024848
248.400000 0.025116
248.500000 0.025359
248.600000 0.025577
248.700000 0.025768
248.800000 0.025931
248.900000 0.026067
249.000000 0.026173
249.100000 0.026250
249.200000 0.026297
249.300000 0.026314
249.400000 0.026300
249.500000 0.026257
249.600000 0.026183
249.700000 0.026079
249.800000 0.025946
249.900000 0.025784
250.000000 0.025593
250.100000 0.025375
250.200000 0.025131
250.300000 0.024860
250.400000 0.024565
250.500000 0.024246
250.600000 0.023905
250.700000 0.023543
250.800000 0.023161
250.900000 0.022760
251.000000 0.022341
251.100000 0.021906
251.200000 0.021457
251.300000 0.020994
251.400000 0.020518
251.500000 0.020031
251.600000 0.019534
251.700000 0.019027
251.800000 0.018513
251.900000 0.017991
252.000000 0.017463
252.100000 0.016929
252.200000 0.016390
252.300000 0.015848
252.400000 0.015302
252.500000 0.014753
252.600000 0.014202
252.700000 0.013650
252.800000 0.013096
252.900000 0.012542
253.000000 0.011987
253.100000 0.011433
253.200000 0.010879
253.300000 0.010326
253.400000 0.009774
253.500000 0.009225
253.600000 0.008677
253.700000 0.008132
253.800000 0.007591
253.900000 0.007054
254.000000 0.006521
254.100000 0.005993
254.200000 0.005471
254.300000 0.004956
254.400000 0.005087
254.500000 0.005603
254.600000 0.006124
254.700000 0.006650
254.800000 0.007178
254.900000 0.007709
255.000000 0.008242
255.100000 0.008776
255.200000 0.009311
255.300000 0.009847
255.400000 0.010382
255.500000 0.010916
255.600000 0.011450
255.700000 0.011982
255.800000 0.012513
255.900000 0.013041
256.000000 0.013567
256.100000 0.014089
256.200000 0.014608
256.300000 0.015123
256.400000 0.015634
256.500000 0.016140
256.600000 0.016640
256.700000 0.017134
256.800000 0.017621
256.900000 0.018100
257.000000 0.018571
257.100000 0.019032
257.200000 0.019483
257.300000 0.019924
257.400000 0.020352
257.500000 0.020768
257.600000 0.021169
257.700000 0.021556
257.800000 0.021926
257.900000 0.022279
258.000000 0.022614
258.100000 0.022929
258.200000 0.023224
258.300000 0.023498
258.400000 0.023749
258.500000 0.023976
258.600000 0.024180
258.700000 0.024358
258.800000 0.024510
258.900000 0.024636
259.000000 0.024735
259.100000 0.024806
259.200000 0.024849
259.300000 0.024865
259.400000 0.024852
259.500000 0.024811
259.600000 0.024742
259.700000 0.024645
259.800000 0.024520
259.900000 0.024369
260.000000 0.024191
260.100000 0.023987
260.200000 0.023758
260.300000 0.023505
260.400000 0.023229
260.500000 0.022930
260.600000 0.022610
260.700000 0.022270
260.800000 0.021911
260.900000 0.021533
261.000000 0.021139
261.100000 0.020729
261.200000 0.020304
261.300000 0.019865
261.400000 0.019415
261.500000 0.018953
261.600000 0.018480
261.700000 0.017998
261.800000 0.017508
261.900000 0.017010
262.000000 0.016506
262.100000 0.015996
262.200000 0.015480
262.300000 0.014961
262.400000 0.014437
262.500000 0.013910
262.600000 0.013381
262.700000 0.012850
262.800000 0.012317
262.900000 0.011784
263.000000 0.011250
263.100000 0.010716
263.200000 0.010182
263.300000 0.009650
263.400000 0.009118
263.500000 0.008589
263.600000 0.008061
263.700000 0.007537
263.800000 0.007016
263.900000 0.006499
264.000000 0.005987
264.100000 0.005480
264.200000 0.004979
264.300000 0.004486
264.400000 0.004598
264.500000 0.005092
264.600000 0.005591
264.700000 0.006095
264.800000 0.006603
264.900000 0.007114
265.000000 0.007626
265.100000 0.008141
265.200000 0.008656
265.300000 0.009172
265.400000 0.009688
265.500000 0.010204
265.600000 0.010719
265.700000 0.011232
265.800000 0.011744
265.900000 0.012253
266.000000 0.012760
266.100000 0.013263
266.200000 0.013763
266.300000 0.014259
266.400000 0.014751
266.500000 0.015236
266.600000 0.015716
266.700000 0.016190
266.800000 0.016657
266.900000 0.017115
267.000000 0.017565
267.100000 0.018006
267.200000 0.018437
267.300000 0.018856
267.400000 0.019264
267.500000 0.019658
267.600000 0.020039
267.700000 0.020405
267.800000 0.020755
267.900000 0.021089
268.000000 0.021405
268.100000 0.021702
268.200000 0.021979
268.300000 0.022236
268.400000 0.022472
268.500000 0.022685
268.600000 0.022875
268.700000 0.023042
268.800000 0.023184
268.900000 0.023302
269.000000 0.023394
269.100000 0.023460
269.200000 0.023500
269.300000 0.023514
269.400000 0.023502
269.500000 0.023463
269.600000 0.023398
269.700000 0.023308
269.800000 0.023191
269.900000 0.023050
270.000000 0.022883
270.100000 0.022692
270.200000 0.022478
270.300000 0.022241
270.400000 0.021982
270.500000 0.021701
270.600000 0.021401
270.700000 0.021081
270.800000 0.020743
270.900000 0.020387
271.000000 0.020015
271.100000 0.019628
271.200000 0.019226
271.300000 0.018811
271.400000 0.018384
271.500000 0.017945
271.600000 0.017496
271.700000 0.017037
271.800000 0.016570
271.900000 0.016095
272.000000 0.015614
272.100000 0.015126
272.200000 0.014633
272.300000 0.014135
272.400000 0.013633
272.500000 0.013127
272.600000 0.012619
272.700000 0.012109
272.800000 0.011597
272.900000 0.011083
273.000000 0.010569
273.100000 0.010055
273.200000 0.009541
273.300000 0.009028
273.400000 0.008516
273.500000 0.008006
273.600000 0.007498
273.700000 0.006993
273.800000 0.006492
273.900000 0.005995
274.000000 0.005503
274.100000 0.005016
274.200000 0.004536
274.300000 0.004064
274.400000 0.004159
274.500000 0.004631
274.600000 0.005110
274.700000 0.005593
274.800000 0.006081
274.900000 0.006572
275.000000 0.007065
275.100000 0.007560
275.200000 0.008057
275.300000 0.008554
275.400000 0.009052
275.500000 0.009549
275.600000 0.010045
275.700000 0.010540
275.800000 0.011033
275.900000 0.011524
276.000000 0.012012
276.100000 0.012497
276.200000 0.012978
276.300000 0.013455
276.400000 0.013928
276.500000 0.014394
276.600000 0.014855
276.700000 0.015309
276.800000 0.015756
276.900000 0.016195
277.000000 0.016626
277.100000 0.017046
277.200000 0.017457
277.300000 0.017857
277.400000 0.018244
277.500000 0.018619
277.600000 0.018981
277.700000 0.019327
277.800000 0.019659
277.900000 0.019974
278.000000 0.020272
278.100000 0.020552
278.200000 0.020813
278.300000 0.021055
278.400000 0.021277
278.500000 0.021477
278.600000 0.021655
278.700000 0.021811
278.800000 0.021945
278.900000 0.022054
279.000000 0.022140
279.100000 0.022202
279.200000 0.022240
279.300000 0.022253
279.400000 0.022241
279.500000 0.022205
279.600000 0.022144
279.700000 0.022059
279.800000 0.021950
279.900000 0.021817
280.000000 0.021661
280.100000 0.021482
280.200000 0.021281
280.300000 0.021059
280.400000 0.020815
280.500000 0.020552
280.600000 0.020269
280.700000 0.019968
280.800000 0.019649
280.900000 0.019314
281.000000 0.018963
281.100000 0.018596
281.200000 0.018216
281.300000 0.017823
281.400000 0.017418
281.500000 0.017001
281.600000 0.016575
281.700000 0.016138
281.800000 0.015693
281.900000 0.015240
282.000000 0.014780
282.100000 0.014313
282.200000 0.013841
282.300000 0.013364
282.400000 0.012883
282.500000 0.012398
282.600000 0.011910
282.700000 0.011420
282.800000 0.010928
282.900000 0.010434
283.000000 0.009939
283.100000 0.009444
283.200000 0.008949
283.300000 0.008455
283.400000 0.007962
283.500000 0.007471
283.600000 0.006983
283.700000 0.006497
283.800000 0.006014
283.900000 0.005536
284.000000 0.005064
284.100000 0.004597
284.200000 0.004137
284.300000 0.003685
284.400000 0.003764
284.500000 0.004216
284.600000 0.004674
284.700000 0.005138
284.800000 0.005606
284.900000 0.006078
285.000000 0.006552
285.100000 0.007029
285.200000 0.007507
285.300000 0.007987
285.400000 0.008466
285.500000 0.008945
285.600000 0.009423
285.700000 0.009900
285.800000 0.010375
285.900000 0.010848
286.000000 0.011318
286.100000 0.011785
286.200000 0.012248
286.300000 0.012707
286.400000 0.013160
286.500000 0.013609
286.600000 0.014051
286.700000 0.014486
286.800000 0.014914
286.900000 0.015334
287.000000 0.015745
287.100000 0.016147
287.200000 0.016538
287.300000 0.016919
287.400000 0.017288
287.500000 0.017644
287.600000 0.017987
287.700000 0.018316
287.800000 0.018630
287.900000 0.018928
288.000000 0.019209
288.100000 0.019474
288.200000 0.019720
288.300000 0.019948
288.400000 0.020156
288.500000 0.020344
288.600000 0.020512
288.700000 0.020659
288.800000 0.020784
288.900000 0.020886
289.000000 0.020967
289.100000 0.021025
289.200000 0.021060
289.300000 0.021072
289.400000 0.021061
289.500000 0.021027
289.600000 0.020970
289.700000 0.020890
289.800000 0.020788
289.900000 0.020663
290.000000 0.020517
290.100000 0.020349
290.200000 0.020160
290.300000 0.019951
290.400000 0.019722
290.500000 0.019475
290.600000 0.019208
290.700000 0.018925
290.800000 0.018624
290.900000 0.018307
291.000000 0.017975
291.100000 0.017629
291.200000 0.017269
291.300000 0.016896
291.400000 0.016512
291.500000 0.016116
291.600000 0.015710
291.700000 0.015295
291.800000 0.014871
291.900000 0.014438
292.000000 0.013999
292.100000 0.013553
292.200000 0.013102
292.300000 0.012645
292.400000 0.012184
292.500000 0.011719
292.600000 0.011250
292.700000 0.010779
292.800000 0.010306
292.900000 0.009831
293.000000 0.009355
293.100000 0.008879
293.200000 0.008403
293.300000 0.007927
293.400000 0.007453
293.500000 0.006980
293.600000 0.006509
293.700000 0.006042
293.800000 0.005578
293.900000 0.005119
294.000000 0.004664
294.100000 0.004216
294.200000 0.003776
294.300000 0.003343
294.400000 0.003408
294.500000 0.003840
294.600000 0.004279
294.700000 0.004724
294.800000 0.005173
294.900000 0.005627
295.000000 0.006083
295.100000 0.006542
295.200000 0.007003
295.300000 0.007464
295.400000 0.007926
295.500000 0.008387
295.600000 0.008848
295.700000 0.009307
295.800000 0.009765
295.900000 0.010220
296.000000 0.010673
296.100000 0.011122
296.200000 0.011567
296.300000 0.012008
296.400000 0.012443
296.500000 0.012873
296.600000 0.013297
296.700000 0.013714
296.800000 0.014124
296.900000 0.014526
297.000000 0.014919
297.100000 0.015302
297.200000 0.015675
297.300000 0.016038
297.400000 0.016389
297.500000 0.016728
297.600000 0.017053
297.700000 0.017365
297.800000 0.017662
297.900000 0.017945
298.000000 0.018211
298.100000 0.018461
298.200000 0.018693
298.300000 0.018908
298.400000 0.019104
298.500000 0.019282
298.600000 0.019439
298.700000 0.019577
298.800000 0.019695
298.900000 0.019791
299.000000 0.019867
299.100000 0.019921
299.200000 0.019954
299.300000 0.019965
299.400000 0.019955
299.500000 0.019923
299.600000 0.019869
299.700000 0.019794
299.800000 0.019698
299.900000 0.019581
300.000000 0.019444
300.100000 0.019286
300.200000 0.019109
300.300000 0.018912
300.400000 0.018697
300.500000 0.018463
300.600000 0.018212
300.700000 0.017945
300.800000 0.017661
300.900000 0.017362
301.000000 0.017048
301.100000 0.016720
301.200000 0.016379
301.300000 0.016026
301.400000 0.015661
301.500000 0.015285
301.600000 0.014899
301.700000 0.014503
301.800000 0.014099
301.900000 0.013686
302.000000 0.013267
302.100000 0.012841
302.200000 0.012409
302.300000 0.011971
302.400000 0.011529
302.500000 0.011084
302.600000 0.010634
302.700000 0.010182
302.800000 0.009727
302.900000 0.009271
303.000000 0.008813
303.100000 0.008355
303.200000 0.007897
303.300000 0.007439
303.400000 0.006982
303.500000 0.006527
303.600000 0.006075
303.700000 0.005625
303.800000 0.005179
303.900000 0.004737
304.000000 0.004301
304.100000 0.003872
304.200000 0.003449
304.300000 0.003036
304.400000 0.003088
304.500000 0.003500
304.600000 0.003921
304.700000 0.004347
304.800000 0.004779
304.900000 0.005214
305.000000 0.005653
305.100000 0.006095
305.200000 0.006538
305.300000 0.006982
305.400000 0.007427
305.500000 0.007871
305.600000 0.008315
305.700000 0.008757
305.800000 0.009198
305.900000 0.009636
306.000000 0.010071
306.100000 0.010503
306.200000 0.010931
306.300000 0.011354
306.400000 0.011773
306.500000 0.012185
306.600000 0.012591
306.700000 0.012991
306.800000 0.013383
306.900000 0.013767
307.000000 0.014142
307.100000 0.014508
307.200000 0.014864
307.300000 0.015209
307.400000 0.015543
307.500000 0.015865
307.600000 0.016174
307.700000 0.016470
307.800000 0.016752
307.900000 0.017020
308.000000 0.017272
308.100000 0.017508
308.200000 0.017728
308.300000 0.017930
308.400000 0.018115
308.500000 0.018283
308.600000 0.018431
308.700000 0.018561
308.800000 0.018671
308.900000 0.018762
309.000000 0.018833
309.100000 0.018884
309.200000 0.018915
309.300000 0.018926
309.400000 0.018916
309.500000 0.018886
309.600000 0.018836
309.700000 0.018765
309.800000 0.018675
309.900000 0.018565
310.000000 0.018436
310.100000 0.018287
310.200000 0.018120
310.300000 0.017935
310.400000 0.017732
310.500000 0.017512
310.600000 0.017276
310.700000 0.017023
310.800000 0.016755
310.900000 0.016472
311.000000 0.016175
311.100000 0.015865
311.200000 0.015542
311.300000 0.015206
311.400000 0.014860
311.500000 0.014502
311.600000 0.014135
311.700000 0.013758
311.800000 0.013373
311.900000 0.012980
312.000000 0.012579
312.100000 0.012172
312.200000 0.011759
312.300000 0.011340
312.400000 0.010917
312.500000 0.010489
312.600000 0.010058
312.700000 0.009624
312.800000 0.009187
312.900000 0.008749
313.000000 0.008309
313.100000 0.007868
313.200000 0.007428
313.300000 0.006987
313.400000 0.006548
313.500000 0.006110
313.600000 0.005675
313.700000 0.005242
313.800000 0.004813
313.900000 0.004389
314.000000 0.003970
314.100000 0.003558
314.200000 0.003154
314.300000 0.002758
314.400000 0.002798
314.500000 0.003193
314.600000 0.003595
314.700000 0.004004
314.800000 0.004418
314.900000 0.004837
315.000000 0.005259
315.100000 0.005684
315.200000 0.006110
315.300000 0.006538
315.400000 0.006966
315.500000 0.007393
315.600000 0.007820
315.700000 0.008246
315.800000 0.008670
315.900000 0.009092
316.000000 0.009510
316.100000 0.009925
316.200000 0.010336
316.300000 0.010743
316.400000 0.011144
316.500000 0.011539
316.600000 0.011929
316.700000 0.012311
316.800000 0.012686
316.900000 0.013053
317.000000 0.013412
317.100000 0.013761
317.200000 0.014100
317.300000 0.014429
317.400000 0.014747
317.500000 0.015053
317.600000 0.015347
317.700000 0.015628
317.800000 0.015895
317.900000 0.016149
318.000000 0.016387
318.100000 0.016611
318.200000 0.016818
318.300000 0.017010
318.400000 0.017185
318.500000 0.017342
318.600000 0.017483
318.700000 0.017605
318.800000 0.017709
318.900000 0.017795
319.000000 0.017862
319.100000 0.017910
319.200000 0.017939
319.300000 0.017949
319.400000 0.017940
319.500000 0.017911
319.600000 0.017864
319.700000 0.017798
319.800000 0.017713
319.900000 0.017609
320.000000 0.017488
320.100000 0.017348
320.200000 0.017191
320.300000 0.017016
320.400000 0.016825
320.500000 0.016617
320.600000 0.016394
320.700000 0.016155
320.800000 0.015902
320.900000 0.015635
321.000000 0.015353
321.100000 0.015059
321.200000 0.014753
321.300000 0.014435
321.400000 0.014105
321.500000 0.013766
321.600000 0.013416
321.700000 0.013058
321.800000 0.012690
321.900000 0.012315
322.000000 0.011933
322.100000 0.011544
322.200000 0.011149
322.300000 0.010748
322.400000 0.010342
322.500000 0.009933
322.600000 0.009519
322.700000 0.009103
322.800000 0.008683
322.900000 0.008262
323.000000 0.007840
323.100000 0.007416
323.200000 0.006992
323.300000 0.006569
323.400000 0.006146
323.500000 0.005725
323.600000 0.005306
323.700000 0.004890
323.800000 0.004478
323.900000 0.004070
324.000000 0.003668
324.100000 0.003273
324.200000 0.002886
324.300000 0.002507
324.400000 0.002537
324.500000 0.002914
324.600000 0.003299
324.700000 0.003691
324.800000 0.004089
324.900000 0.004491
325.000000 0.004896
325.100000 0.005305
325.200000 0.005715
325.300000 0.006126
325.400000 0.006538
325.500000 0.006950
325.600000 0.007361
325.700000 0.007771
325.800000 0.008178
325.900000 0.008583
326.000000 0.008986
326.100000 0.009384
326.200000 0.009779
326.300000 0.010169
326.400000 0.010554
326.500000 0.010933
326.600000 0.011306
326.700000 0.011672
326.800000 0.012031
326.900000 0.012381
327.000000 0.012724
327.100000 0.013057
327.200000 0.013380
327.300000 0.013694
327.400000 0.013996
327.500000 0.014287
327.600000 0.014566
327.700000 0.014833
327.800000 0.015087
327.900000 0.015327
328.000000 0.015553
328.100000 0.015765
328.200000 0.015961
328.300000 0.016142
328.400000 0.016308
328.500000 0.016457
328.600000 0.016589
328.700000 0.016705
328.800000 0.016803
328.900000 0.016884
329.000000 0.016947
329.100000 0.016992
329.200000 0.017020
329.300000 0.017029
329.400000 0.017020
329.500000 0.016994
329.600000 0.016949
329.700000 0.016887
329.800000 0.016807
329.900000 0.016710
330.000000 0.016595
330.100000 0.016463
330.200000 0.016315
330.300000 0.016150
330.400000 0.015970
330.500000 0.015774
330.600000 0.015563
330.700000 0.015337
330.800000 0.015098
330.900000 0.014844
331.000000 0.014578
331.100000 0.014299
331.200000 0.014009
331.300000 0.013707
331.400000 0.013394
331.500000 0.013071
331.600000 0.012738
331.700000 0.012397
331.800000 0.012047
331.900000 0.011689
332.000000 0.011324
332.100000 0.010952
332.200000 0.010575
332.300000 0.010191
332.400000 0.009803
332.500000 0.009411
332.600000 0.009014
332.700000 0.008615
332.800000 0.008212
332.900000 0.007808
333.000000 0.007402
333.100000 0.006995
333.200000 0.006587
333.300000 0.006180
333.400000 0.005774
333.500000 0.005369
333.600000 0.004966
333.700000 0.004566
333.800000 0.004170
333.900000 0.003779
334.000000 0.003393
334.100000 0.003014
334.200000 0.002643
334.300000 0.002281
334.400000 0.002300
334.500000 0.002661
334.600000 0.003030
334.700000 0.003405
334.800000 0.003787
334.900000 0.004173
335.000000 0.004563
335.100000 0.004956
335.200000 0.005350
335.300000 0.005746
335.400000 0.006142
335.500000 0.006538
335.600000 0.006933
335.700000 0.007327
335.800000 0.007719
335.900000 0.008109
336.000000 0.008495
336.100000 0.008878
336.200000 0.009257
336.300000 0.009631
336.400000 0.010000
336.500000 0.010363
336.600000 0.010720
336.700000 0.011070
336.800000 0.011413
336.900000 0.011748
337.000000 0.012075
337.100000 0.012393
337.200000 0.012701
337.300000 0.013000
337.400000 0.013288
337.500000 0.013565
337.600000 0.013830
337.700000 0.014083
337.800000 0.014324
337.900000 0.014552
338.000000 0.014766
338.100000 0.014967
338.200000 0.015153
338.300000 0.015324
338.400000 0.015480
338.500000 0.015621
338.600000 0.015746
338.700000 0.015856
338.800000 0.015948
338.900000 0.016025
339.000000 0.016084
339.100000 0.016127
339.200000 0.016153
339.300000 0.016162
339.400000 0.016154
339.500000 0.016129
339.600000 0.016087
339.700000 0.016029
339.800000 0.015953
339.900000 0.015861
340.000000 0.015753
340.100000 0.015629
340.200000 0.015489
340.300000 0.015334
340.400000 0.015163
340.500000 0.014978
340.600000 0.014779
340.700000 0.014565
340.800000 0.014339
340.900000 0.014099
341.000000 0.013846
341.100000 0.013582
341.200000 0.013306
341.300000 0.013020
341.400000 0.012722
341.500000 0.012415
341.600000 0.012099
341.700000 0.011773
341.800000 0.011440
341.900000 0.011099
342.000000 0.010750
342.100000 0.010395
342.200000 0.010034
342.300000 0.009668
342.400000 0.009296
342.500000 0.008920
342.600000 0.008540
342.700000 0.008157
342.800000 0.007771
342.900000 0.007383
343.000000 0.006993
343.100000 0.006602
343.200000 0.006211
343.300000 0.005819
343.400000 0.005429
343.500000 0.005039
343.600000 0.004652
343.700000 0.004268
343.800000 0.003887
343.900000 0.003511
344.000000 0.003141
344.100000 0.002777
344.200000 0.002422
344.300000 0.002076
344.400000 0.002087
344.500000 0.002431
344.600000 0.002784
344.700000 0.003144
344.800000 0.003510
344.900000 0.003881
345.000000 0.004256
345.100000 0.004633
345.200000 0.005012
345.300000 0.005393
345.400000 0.005774
345.500000 0.006155
345.600000 0.006535
345.700000 0.006914
345.800000 0.007290
345.900000 0.007664
346.000000 0.008035
346.100000 0.008403
346.200000 0.008766
346.300000 0.009125
346.400000 0.009478
346.500000 0.009826
346.600000 0.010168
346.700000 0.010503
346.800000 0.010831
346.900000 0.011151
347.000000 0.011463
347.100000 0.011766
347.200000 0.012060
347.300000 0.012344
347.400000 0.012618
347.500000 0.012882
347.600000 0.013134
347.700000 0.013375
347.800000 0.013603
347.900000 0.013819
348.000000 0.014023
348.100000 0.014213
348.200000 0.014389
348.300000 0.014551
348.400000 0.014699
348.500000 0.014833
348.600000 0.014951
348.700000 0.015054
348.800000 0.015142
348.900000 0.015214
349.000000 0.015271
349.100000 0.015311
349.200000 0.015336
349.300000 0.015345
349.400000 0.015337
349.500000 0.015314
349.600000 0.015274
349.700000 0.015219
349.800000 0.015148
349.900000 0.015061
350.000000 0.014959
350.100000 0.014842
350.200000 0.014710
350.300000 0.014563
350.400000 0.014402
350.500000 0.014227
350.600000 0.014038
350.700000 0.013836
350.800000 0.013621
350.900000 0.013394
351.000000 0.013155
351.100000 0.012904
351.200000 0.012642
351.300000 0.012370
351.400000 0.012088
351.500000 0.011796
351.600000 0.011494
351.700000 0.011185
351.800000 0.010867
351.900000 0.010541
352.000000 0.010209
352.100000 0.009870
352.200000 0.009525
352.300000 0.009175
352.400000 0.008819
352.500000 0.008459
352.600000 0.008095
352.700000 0.007728
352.800000 0.007358
352.900000 0.006985
353.000000 0.006611
353.100000 0.006236
353.200000 0.005860
353.300000 0.005484
353.400000 0.005108
353.500000 0.004734
353.600000 0.004362
353.700000 0.003993
353.800000 0.003627
353.900000 0.003266
354.000000 0.002911
354.100000 0.002562
354.200000 0.002221
354.300000 0.001891
354.400000 0.001893
354.500000 0.002222
354.600000 0.002560
354.700000 0.002905
354.800000 0.003257
354.900000 0.003613
355.000000 0.003973
355.100000 0.004335
355.200000 0.004700
355.300000 0.005066
355.400000 0.005432
355.500000 0.005798
355.600000 0.006163
355.700000 0.006527
355.800000 0.006889
355.900000 0.007248
356.000000 0.007604
356.100000 0.007957
356.200000 0.008305
356.300000 0.008649
356.400000 0.008987
356.500000 0.009321
356.600000 0.009647
356.700000 0.009968
356.800000 0.010281
356.900000 0.010587
357.000000 0.010884
357.100000 0.011174
357.200000 0.011454
357.300000 0.011725
357.400000 0.011986
357.500000 0.012236
357.600000 0.012476
357.700000 0.012705
357.800000 0.012922
357.900000 0.013127
358.000000 0.013320
358.100000 0.013500
358.200000 0.013668
358.300000 0.013822
358.400000 0.013962
358.500000 0.014088
358.600000 0.014200
358.700000 0.014298
358.800000 0.014381
358.900000 0.014449
359.000000 0.014503
359.100000 0.014541
359.200000 0.014564
359.300000 0.014572
359.400000 0.014566
359.500000 0.014543
359.600000 0.014506
359.700000 0.014454
359.800000 0.014387
359.900000 0.014305
360.000000 0.014209
360.100000 0.014098
360.200000 0.013973
360.300000 0.013835
360.400000 0.013682
360.500000 0.013517
360.600000 0.013338
360.700000 0.013147
360.800000 0.012944
360.900000 0.012728
361.000000 0.012501
361.100000 0.012263
361.200000 0.012015
361.300000 0.011756
361.400000 0.011488
361.500000 0.011210
361.600000 0.010923
361.700000 0.010628
361.800000 0.010325
361.900000 0.010015
362.000000 0.009698
362.100000 0.009374
362.200000 0.009045
362.300000 0.008710
362.400000 0.008369
362.500000 0.008025
362.600000 0.007677
362.700000 0.007325
362.800000 0.006970
362.900000 0.006613
363.000000 0.006253
363.100000 0.005893
363.200000 0.005532
363.300000 0.005171
363.400000 0.004810
363.500000 0.004451
363.600000 0.004093
363.700000 0.003738
363.800000 0.003387
363.900000 0.003041
364.000000 0.002700
364.100000 0.002365
364.200000 0.002039
364.300000 0.001723
364.400000 0.001718
364.500000 0.002032
364.600000 0.002356
364.700000 0.002687
364.800000 0.003024
364.900000 0.003365
365.000000 0.003711
365.100000 0.004059
365.200000 0.004410
365.300000 0.004761
365.400000 0.005113
365.500000 0.005465
365.600000 0.005816
365.700000 0.006165
365.800000 0.006513
365.900000 0.006858
366.000000 0.007199
366.100000 0.007537
366.200000 0.007871
366.300000 0.008201
366.400000 0.008525
366.500000 0.008844
366.600000 0.009156
366.700000 0.009463
366.800000 0.009762
366.900000 0.010054
367.000000 0.010338
367.100000 0.010614
367.200000 0.010881
367.300000 0.011139
367.400000 0.011387
367.500000 0.011626
367.600000 0.011854
367.700000 0.012071
367.800000 0.012278
367.900000 0.012473
368.000000 0.012656
368.100000 0.012827
368.200000 0.012985
368.300000 0.013131
368.400000 0.013264
368.500000 0.013384
368.600000 0.013490
368.700000 0.013582
368.800000 0.013661
368.900000 0.013726
369.000000 0.013776
369.100000 0.013813
369.200000 0.013835
369.300000 0.013843
369.400000 0.013836
369.500000 0.013816
369.600000 0.013781
369.700000 0.013731
369.800000 0.013668
369.900000 0.013591
370.000000 0.013500
370.100000 0.013395
370.200000 0.013277
370.300000 0.013146
370.400000 0.013002
370.500000 0.012845
370.600000 0.012676
370.700000 0.012495
370.800000 0.012302
370.900000 0.012098
371.000000 0.011883
371.100000 0.011657
371.200000 0.011421
371.300000 0.011175
371.400000 0.010920
371.500000 0.010656
371.600000 0.010383
371.700000 0.010102
371.800000 0.009813
371.900000 0.009517
372.000000 0.009215
372.100000 0.008906
372.200000 0.008591
372.300000 0.008271
372.400000 0.007946
372.500000 0.007616
372.600000 0.007283
372.700000 0.006946
372.800000 0.006606
372.900000 0.006263
373.000000 0.005919
373.100000 0.005573
373.200000 0.005226
373.300000 0.004879
373.400000 0.004533
373.500000 0.004188
373.600000 0.003844
373.700000 0.003504
373.800000 0.003166
373.900000 0.002833
374.000000 0.002506
374.100000 0.002186
374.200000 0.001873
374.300000 0.001571
374.400000 0.001559
374.500000 0.001859
374.600000 0.002169
374.700000 0.002486
374.800000 0.002809
374.900000 0.003137
375.000000 0.003469
375.100000 0.003804
375.200000 0.004141
375.300000 0.004478
375.400000 0.004817
375.500000 0.005154
375.600000 0.005491
375.700000 0.005827
375.800000 0.006160
375.900000 0.006491
376.000000 0.006819
376.100000 0.007143
376.200000 0.007463
376.300000 0.007778
376.400000 0.008089
376.500000 0.008394
376.600000 0.008693
376.700000 0.008985
376.800000 0.009271
376.900000 0.009550
377.000000 0.009821
377.100000 0.010084
377.200000 0.010338
377.300000 0.010584
377.400000 0.010821
377.500000 0.011048
377.600000 0.011265
377.700000 0.011472
377.800000 0.011668
377.900000 0.011853
378.000000 0.012027
378.100000 0.012189
378.200000 0.012340
378.300000 0.012478
378.400000 0.012604
378.500000 0.012717
378.600000 0.012818
378.700000 0.012906
378.800000 0.012980
378.900000 0.013042
379.000000 0.013090
379.100000 0.013124
379.200000 0.013146
379.300000 0.013153
379.400000 0.013147
379.500000 0.013127
379.600000 0.013094
379.700000 0.013048
379.800000 0.012988
379.900000 0.012915
380.000000 0.012829
380.100000 0.012730
380.200000 0.012619
380.300000 0.012495
380.400000 0.012358
380.500000 0.012210
380.600000 0.012049
380.700000 0.011878
380.800000 0.011695
380.900000 0.011501
381.000000 0.011297
381.100000 0.011083
381.200000 0.010859
381.300000 0.010625
381.400000 0.010382
381.500000 0.010131
381.600000 0.009871
381.700000 0.009604
381.800000 0.009329
381.900000 0.009047
382.000000 0.008758
382.100000 0.008463
382.200000 0.008163
382.300000 0.007857
382.400000 0.007546
382.500000 0.007231
382.600000 0.006911
382.700000 0.006589
382.800000 0.006263
382.900000 0.005935
383.000000 0.005604
383.100000 0.005273
383.200000 0.004940
383.300000 0.004607
383.400000 0.004275
383.500000 0.003943
383.600000 0.003613
383.700000 0.003286
383.800000 0.002962
383.900000 0.002643
384.000000 0.002329
384.100000 0.002021
384.200000 0.001722
384.300000 0.001433
384.400000 0.001415
384.500000 0.001702
384.600000 0.001998
384.700000 0.002302
384.800000 0.002612
384.900000 0.002927
385.000000 0.003246
385.100000 0.003567
385.200000 0.003891
385.300000 0.004215
385.400000 0.004540
385.500000 0.004864
385.600000 0.005188
385.700000 0.005510
385.800000 0.005830
385.900000 0.006147
386.000000 0.006461
386.100000 0.006772
386.200000 0.007078
386.300000 0.007380
386.400000 0.007677
386.500000 0.007969
386.600000 0.008254
386.700000 0.008534
386.800000 0.008807
386.900000 0.009073
387.000000 0.009331
387.100000 0.009582
387.200000 0.009825
387.300000 0.010059
387.400000 0.010284
387.500000 0.010500
387.600000 0.010707
387.700000 0.010903
387.800000 0.011090
387.900000 0.011266
388.000000 0.011431
388.100000 0.011585
388.200000 0.011728
388.300000 0.011859
388.400000 0.011979
388.500000 0.012087
388.600000 0.012182
388.700000 0.012265
388.800000 0.012336
388.900000 0.012394
389.000000 0.012440
389.100000 0.012473
389.200000 0.012493
389.300000 0.012500
389.400000 0.012495
389.500000 0.012476
389.600000 0.012445
389.700000 0.012401
389.800000 0.012345
389.900000 0.012276
390.000000 0.012194
390.100000 0.012101
390.200000 0.011995
390.300000 0.011878
390.400000 0.011748
390.500000 0.011608
390.600000 0.011456
390.700000 0.011293
390.800000 0.011120
390.900000 0.010936
391.000000 0.010742
391.100000 0.010539
391.200000 0.010326
391.300000 0.010104
391.400000 0.009873
391.500000 0.009634
391.600000 0.009387
391.700000 0.009132
391.800000 0.008870
391.900000 0.008601
392.000000 0.008326
392.100000 0.008044
392.200000 0.007757
392.300000 0.007465
392.400000 0.007168
392.500000 0.006867
392.600000 0.006561
392.700000 0.006252
392.800000 0.005941
392.900000 0.005626
393.000000 0.005310
393.100000 0.004991
393.200000 0.004673
393.300000 0.004353
393.400000 0.004034
393.500000 0.003716
393.600000 0.003399
393.700000 0.003085
393.800000 0.002774
393.900000 0.002467
394.000000 0.002166
394.100000 0.001871
394.200000 0.001585
394.300000 0.001309
394.400000 0.001285
394.500000 0.001559
394.600000 0.001842
394.700000 0.002133
394.800000 0.002431
394.900000 0.002733
395.000000 0.003039
395.100000 0.003348
395.200000 0.003658
395.300000 0.003970
395.400000 0.004281
395.500000 0.004593
395.600000 0.004903
395.700000 0.005212
395.800000 0.005519
395.900000 0.005823
396.000000 0.006124
396.100000 0.006421
396.200000 0.006715
396.300000 0.007004
396.400000 0.007288
396.500000 0.007567
396.600000 0.007840
396.700000 0.008107
396.800000 0.008368
396.900000 0.008621
397.000000 0.008868
397.100000 0.009107
397.200000 0.009339
397.300000 0.009562
397.400000 0.009776
397.500000 0.009982
397.600000 0.010178
397.700000 0.010365
397.800000 0.010543
397.900000 0.010710
398.000000 0.010867
398.100000 0.011013
398.200000 0.011149
398.300000 0.011274
398.400000 0.011387
398.500000 0.011489
398.600000 0.011580
398.700000 0.011659
398.800000 0.011726
398.900000 0.011781
399.000000 0.011825
399.100000 0.011856
399.200000 0.011875
399.300000 0.011882
399.400000 0.011877
399.500000 0.011860
399.600000 0.011830
399.700000 0.011789
399.800000 0.011735
399.900000 0.011670
400.000000 0.011593
400.100000 0.011505
400.200000 0.011405
400.300000 0.011293
400.400000 0.011171
400.500000 0.011038
400.600000 0.010894
400.700000 0.010739
400.800000 0.010575
400.900000 0.010400
401.000000 0.010216
401.100000 0.010023
401.200000 0.009821
401.300000 0.009610
401.400000 0.009390
401.500000 0.009163
401.600000 0.008927
401.700000 0.008685
401.800000 0.008435
401.900000 0.008179
402.000000 0.007916
402.100000 0.007648
402.200000 0.007374
402.300000 0.007095
402.400000 0.006811
402.500000 0.006523
402.600000 0.006231
402.700000 0.005935
402.800000 0.005637
402.900000 0.005336
403.000000 0.005032
403.100000 0.004728
403.200000 0.004422
403.300000 0.004115
403.400000 0.003809
403.500000 0.003504
403.600000 0.003200
403.700000 0.002898
403.800000 0.002600
403.900000 0.002305
404.000000 0.002016
404.100000 0.001734
404.200000 0.001460
404.300000 0.001195
404.400000 0.001167
404.500000 0.001428
404.600000 0.001699
404.700000 0.001979
404.800000 0.002264
404.900000 0.002554
405.000000 0.002847
405.100000 0.003144
405.200000 0.003442
405.300000 0.003741
405.400000 0.004040
405.500000 0.004339
405.600000 0.004636
405.700000 0.004933
405.800000 0.005227
405.900000 0.005518
406.000000 0.005806
406.100000 0.006091
406.200000 0.006372
406.300000 0.006649
406.400000 0.006920
406.500000 0.007187
406.600000 0.007448
406.700000 0.007703
406.800000 0.007952
406.900000 0.008194
407.000000 0.008429
407.100000 0.008657
407.200000 0.008877
407.300000 0.009090
407.400000 0.009294
407.500000 0.009490
407.600000 0.009677
407.700000 0.009855
407.800000 0.010024
407.900000 0.010183
408.000000 0.010332
408.100000 0.010471
408.200000 0.010600
408.300000 0.010718
408.400000 0.010826
408.500000 0.010923
408.600000 0.011009
408.700000 0.011084
408.800000 0.011148
408.900000 0.011201
409.000000 0.011242
409.100000 0.011271
409.200000 0.011290
409.300000 0.011296
409.400000 0.011292
409.500000 0.011275
409.600000 0.011248
409.700000 0.011208
409.800000 0.011158
409.900000 0.011096
410.000000 0.011023
410.100000 0.010939
410.200000 0.010845
410.300000 0.010739
410.400000 0.010623
410.500000 0.010497
410.600000 0.010360
410.700000 0.010214
410.800000 0.010058
410.900000 0.009892
411.000000 0.009718
411.100000 0.009534
411.200000 0.009342
411.300000 0.009141
411.400000 0.008932
411.500000 0.008716
411.600000 0.008492
411.700000 0.008261
411.800000 0.008023
411.900000 0.007779
412.000000 0.007529
412.100000 0.007273
412.200000 0.007011
412.300000 0.006745
412.400000 0.006474
412.500000 0.006198
412.600000 0.005919
412.700000 0.005636
412.800000 0.005351
412.900000 0.005062
413.000000 0.004772
413.100000 0.004480
413.200000 0.004187
413.300000 0.003893
413.400000 0.003599
413.500000 0.003306
413.600000 0.003014
413.700000 0.002725
413.800000 0.002438
413.900000 0.002156
414.000000 0.001879
414.100000 0.001608
414.200000 0.001345
414.300000 0.001093
