Graphic of V norm for Mu=0.100 C=10.000 Gamma=1.000
0.000000 1.000000
0.100000 0.954715
0.200000 0.500504
0.300000 0.499543
0.400000 0.496486
0.500000 0.491489
0.600000 0.485428
0.700000 0.478264
0.800000 0.470399
0.900000 0.462170
1.000000 0.453785
1.100000 0.445381
1.200000 0.437093
1.300000 0.421705
1.400000 0.412686
1.500000 0.379530
1.600000 0.343819
1.700000 0.396833
1.800000 0.393185
1.900000 0.386425
2.000000 0.379954
2.100000 0.373787
2.200000 0.367866
2.300000 0.362171
2.400000 0.356729
2.500000 0.351472
2.600000 0.346447
2.700000 0.341796
2.800000 0.344195
2.900000 0.393891
3.000000 0.507154
3.100000 0.617424
3.200000 0.607545
3.300000 0.491357
3.400000 0.378406
3.500000 0.312984
3.600000 0.305669
3.700000 0.302187
3.800000 0.298824
3.900000 0.295579
4.000000 0.292433
4.100000 0.289338
4.200000 0.283285
4.300000 0.273104
4.400000 0.270429
4.500000 0.267554
4.600000 0.261541
4.700000 0.241774
4.800000 0.260262
4.900000 0.267724
5.000000 0.266451
5.100000 0.264077
5.200000 0.261732
5.300000 0.259459
5.400000 0.257250
5.500000 0.255098
5.600000 0.253015
5.700000 0.251281
5.800000 0.252610
5.900000 0.267711
6.000000 0.308813
6.100000 0.370891
6.200000 0.436390
6.300000 0.470004
6.400000 0.437807
6.500000 0.371605
6.600000 0.307046
6.700000 0.257843
6.800000 0.232101
6.900000 0.230480
7.000000 0.228896
7.100000 0.227201
7.200000 0.222009
7.300000 0.214805
7.400000 0.213527
7.500000 0.212257
7.600000 0.210897
7.700000 0.208643
7.800000 0.202479
7.900000 0.200446
8.000000 0.211567
8.100000 0.213911
8.200000 0.213181
8.300000 0.211922
8.400000 0.210652
8.500000 0.209411
8.600000 0.208205
8.700000 0.207161
8.800000 0.207148
8.900000 0.211602
9.000000 0.227136
9.100000 0.257504
9.200000 0.299306
9.300000 0.345192
9.400000 0.381628
9.500000 0.386029
9.600000 0.353937
9.700000 0.307684
9.800000 0.262878
9.900000 0.225968
10.000000 0.200984
10.100000 0.192988
10.200000 0.190009
10.300000 0.182438
10.400000 0.181598
10.500000 0.180856
10.600000 0.180116
10.700000 0.179332
10.800000 0.178218
10.900000 0.175682
11.000000 0.169337
11.100000 0.177244
11.200000 0.182227
11.300000 0.183128
11.400000 0.182600
11.500000 0.181786
11.600000 0.180955
11.700000 0.180190
11.800000 0.179753
11.900000 0.180760
12.000000 0.186060
12.100000 0.199540
12.200000 0.222742
12.300000 0.253649
12.400000 0.288398
12.500000 0.320753
12.600000 0.338758
12.700000 0.330770
12.800000 0.301933
12.900000 0.266412
13.000000 0.232272
13.100000 0.203161
13.200000 0.181569
13.300000 0.168616
13.400000 0.162680
13.500000 0.160485
13.600000 0.159621
13.700000 0.159085
13.800000 0.158580
13.900000 0.157940
14.000000 0.156708
14.100000 0.153759
14.200000 0.153002
14.300000 0.159750
14.400000 0.162274
14.500000 0.162619
14.600000 0.162199
14.700000 0.161621
14.800000 0.161125
14.900000 0.161081
15.000000 0.162562
15.100000 0.167717
15.200000 0.179015
15.300000 0.197316
15.400000 0.221388
15.500000 0.248929
15.600000 0.276592
15.700000 0.298163
15.800000 0.304342
15.900000 0.291150
16.000000 0.265700
16.100000 0.236922
16.200000 0.209448
16.300000 0.185584
16.400000 0.166997
16.500000 0.154676
16.600000 0.148094
16.700000 0.145262
16.800000 0.144165
16.900000 0.143647
17.000000 0.143212
17.100000 0.142537
17.200000 0.141047
17.300000 0.137734
17.400000 0.142326
17.500000 0.146256
17.600000 0.147615
17.700000 0.147712
17.800000 0.147389
17.900000 0.147091
18.000000 0.147284
18.100000 0.148904
18.200000 0.153571
18.300000 0.162983
18.400000 0.177753
18.500000 0.197126
18.600000 0.219606
18.700000 0.243169
18.800000 0.264429
18.900000 0.277440
19.000000 0.276194
19.100000 0.261094
19.200000 0.238614
19.300000 0.214480
19.400000 0.191572
19.500000 0.171454
19.600000 0.155310
19.700000 0.143941
19.800000 0.137230
19.900000 0.133967
20.000000 0.132594
20.100000 0.131984
20.200000 0.131505
20.300000 0.130686
20.400000 0.128903
20.500000 0.128087
20.600000 0.133133
20.700000 0.135522
20.800000 0.136280
20.900000 0.136295
21.000000 0.136191
21.100000 0.136517
21.200000 0.138103
21.300000 0.142192
21.400000 0.150042
21.500000 0.162160
21.600000 0.178094
21.700000 0.196821
21.800000 0.217003
21.900000 0.236639
22.000000 0.252178
22.100000 0.258574
22.200000 0.252824
22.300000 0.237361
22.400000 0.217382
22.500000 0.196651
22.600000 0.177067
22.700000 0.159749
22.800000 0.145582
22.900000 0.135198
23.000000 0.128638
23.100000 0.125143
23.200000 0.123531
23.300000 0.122774
23.400000 0.122167
23.500000 0.121142
23.600000 0.119070
23.700000 0.121933
23.800000 0.125262
23.900000 0.126764
24.000000 0.127232
24.100000 0.127361
24.200000 0.127781
24.300000 0.129254
24.400000 0.132781
24.500000 0.139343
24.600000 0.149399
24.700000 0.162699
24.800000 0.178525
24.900000 0.195932
25.000000 0.213640
25.100000 0.229515
25.200000 0.240041
25.300000 0.241500
25.400000 0.233125
25.500000 0.218012
25.600000 0.200124
25.700000 0.181996
25.800000 0.164944
25.900000 0.149805
26.000000 0.137256
26.100000 0.127800
26.200000 0.121534
26.300000 0.117958
26.400000 0.116163
26.500000 0.115235
26.600000 0.114446
26.700000 0.113181
26.800000 0.112099
26.900000 0.116235
27.000000 0.118490
27.100000 0.119499
27.200000 0.119935
27.300000 0.120461
27.400000 0.121805
27.500000 0.124816
27.600000 0.130306
27.700000 0.138705
27.800000 0.149904
27.900000 0.163401
28.000000 0.178501
28.100000 0.194325
28.200000 0.209546
28.300000 0.221889
28.400000 0.228168
28.500000 0.226044
28.600000 0.216192
28.700000 0.201708
28.800000 0.185561
28.900000 0.169496
29.000000 0.154455
29.100000 0.141076
29.200000 0.129892
29.300000 0.121304
29.400000 0.115413
29.500000 0.111865
29.600000 0.109944
29.700000 0.108841
29.800000 0.107837
29.900000 0.106312
30.000000 0.108039
30.100000 0.111010
30.200000 0.112613
30.300000 0.113432
30.400000 0.114111
30.500000 0.115347
30.600000 0.117898
30.700000 0.122469
30.800000 0.129480
30.900000 0.138927
31.000000 0.150471
31.100000 0.163596
31.200000 0.177671
31.300000 0.191830
31.400000 0.204649
31.500000 0.213798
31.600000 0.216576
31.700000 0.211826
31.800000 0.201127
31.900000 0.187341
32.000000 0.172660
32.100000 0.158289
32.200000 0.144912
32.300000 0.133025
32.400000 0.123049
32.500000 0.115297
32.600000 0.109848
32.700000 0.106425
32.800000 0.104437
32.900000 0.103164
33.000000 0.101922
33.100000 0.100305
33.200000 0.103948
33.300000 0.106172
33.400000 0.107446
33.500000 0.108345
33.600000 0.109520
33.700000 0.111667
33.800000 0.115425
33.900000 0.121219
34.000000 0.129136
34.100000 0.138970
34.200000 0.150346
34.300000 0.162795
34.400000 0.175729
34.500000 0.188263
34.600000 0.198874
34.700000 0.205215
34.800000 0.205050
34.900000 0.198266
35.000000 0.187099
35.100000 0.174038
35.200000 0.160636
35.300000 0.147713
35.400000 0.135773
35.500000 0.125205
35.600000 0.116340
35.700000 0.109416
35.800000 0.104471
35.900000 0.101257
36.000000 0.099255
36.100000 0.097821
36.200000 0.096317
36.300000 0.096935
36.400000 0.099802
36.500000 0.101599
36.600000 0.102804
36.700000 0.103997
36.800000 0.105814
36.900000 0.108858
37.000000 0.113569
37.100000 0.120117
37.200000 0.128418
37.300000 0.138210
37.400000 0.149143
37.500000 0.160797
37.600000 0.172603
37.700000 0.183635
37.800000 0.192247
37.900000 0.196016
38.000000 0.193233
38.100000 0.184916
38.200000 0.173642
38.300000 0.161365
38.400000 0.149124
38.500000 0.137482
38.600000 0.126816
38.700000 0.117436
38.800000 0.109602
38.900000 0.103482
39.000000 0.099069
39.100000 0.096109
39.200000 0.094124
39.300000 0.092526
39.400000 0.090736
39.500000 0.093214
39.600000 0.095597
39.700000 0.097207
39.800000 0.098531
39.900000 0.100138
40.000000 0.102599
40.100000 0.106374
40.200000 0.111715
40.300000 0.118643
40.400000 0.127000
40.500000 0.136530
40.600000 0.146917
40.700000 0.157770
40.800000 0.168522
40.900000 0.178164
41.000000 0.184841
41.100000 0.186061
41.200000 0.181011
41.300000 0.171762
41.400000 0.160729
41.500000 0.149286
41.600000 0.138122
41.700000 0.127630
41.800000 0.118104
41.900000 0.109793
42.000000 0.102900
42.100000 0.097531
42.200000 0.093626
42.300000 0.090914
42.400000 0.088938
42.500000 0.087158
42.600000 0.086286
42.700000 0.089293
42.800000 0.091401
42.900000 0.092991
43.000000 0.094549
43.100000 0.096601
43.200000 0.099621
43.300000 0.103931
43.400000 0.109650
43.500000 0.116719
43.600000 0.124963
43.700000 0.134141
43.800000 0.143964
43.900000 0.154057
44.000000 0.163819
44.100000 0.172088
44.200000 0.176701
44.300000 0.175401
44.400000 0.168666
44.500000 0.159072
44.600000 0.148519
44.700000 0.137926
44.800000 0.127755
44.900000 0.118299
45.000000 0.109794
45.100000 0.102441
45.200000 0.096389
45.300000 0.091690
45.400000 0.088232
45.500000 0.085722
45.600000 0.083716
45.700000 0.081727
45.800000 0.082686
45.900000 0.085348
46.000000 0.087325
46.100000 0.089005
46.200000 0.090849
46.300000 0.093322
46.400000 0.096795
46.500000 0.101479
46.600000 0.107406
46.700000 0.114481
46.800000 0.122528
46.900000 0.131324
47.000000 0.140599
47.100000 0.149972
47.200000 0.158760
47.300000 0.165535
47.400000 0.167887
47.500000 0.164362
47.600000 0.156621
47.700000 0.147103
47.800000 0.137157
47.900000 0.127392
48.000000 0.118133
48.100000 0.109611
48.200000 0.102018
48.300000 0.095514
48.400000 0.090201
48.500000 0.086075
48.600000 0.082981
48.700000 0.080603
48.800000 0.078520
48.900000 0.076297
49.000000 0.079085
49.100000 0.081527
49.200000 0.083473
49.300000 0.085306
49.400000 0.087449
49.500000 0.090295
49.600000 0.094124
49.700000 0.099060
49.800000 0.105086
49.900000 0.112089
50.000000 0.119899
50.100000 0.128312
50.200000 0.137060
50.300000 0.145730
50.400000 0.153478
50.500000 0.158536
50.600000 0.158578
50.700000 0.153373
50.800000 0.145197
50.900000 0.136004
51.000000 0.126710
51.100000 0.117728
51.200000 0.109304
51.300000 0.101623
51.400000 0.094842
51.500000 0.089085
51.600000 0.084407
51.700000 0.080754
51.800000 0.077931
51.900000 0.075613
52.000000 0.073407
52.100000 0.072681
52.200000 0.075617
52.300000 0.077930
52.400000 0.079915
52.500000 0.081933
52.600000 0.084365
52.700000 0.087531
52.800000 0.091631
52.900000 0.096731
53.000000 0.102782
53.100000 0.109667
53.200000 0.117225
53.300000 0.125259
53.400000 0.133494
53.500000 0.141433
53.600000 0.147989
53.700000 0.151111
53.800000 0.149063
53.900000 0.142787
54.000000 0.134564
54.100000 0.125822
54.200000 0.117178
54.300000 0.108928
54.400000 0.101263
54.500000 0.094337
54.600000 0.088277
54.700000 0.083169
54.800000 0.079025
54.900000 0.075745
55.000000 0.073104
55.100000 0.070780
55.200000 0.068418
55.300000 0.069635
55.400000 0.072363
55.500000 0.074616
55.600000 0.076683
55.700000 0.078901
55.800000 0.081599
55.900000 0.085030
56.000000 0.089333
56.100000 0.094529
56.200000 0.100557
56.300000 0.107297
56.400000 0.114596
56.500000 0.122256
56.600000 0.129968
56.700000 0.137094
56.800000 0.142246
56.900000 0.143353
57.000000 0.139651
57.100000 0.132814
57.200000 0.124777
57.300000 0.116538
57.400000 0.108521
57.500000 0.100947
57.600000 0.093973
57.700000 0.087723
57.800000 0.082298
57.900000 0.077747
58.000000 0.074040
58.100000 0.071038
58.200000 0.068500
58.300000 0.066117
58.400000 0.063629
58.500000 0.066777
58.600000 0.069365
58.700000 0.071608
58.800000 0.073786
58.900000 0.076203
59.000000 0.079136
59.100000 0.082783
59.200000 0.087231
59.300000 0.092477
59.400000 0.098447
59.500000 0.105025
59.600000 0.112061
59.700000 0.119343
59.800000 0.126490
59.900000 0.132663
60.000000 0.136215
60.100000 0.135437
60.200000 0.130583
60.300000 0.123549
60.400000 0.115825
60.500000 0.108100
60.600000 0.100676
60.700000 0.093724
60.800000 0.087375
60.900000 0.081729
61.000000 0.076858
61.100000 0.072776
61.200000 0.069414
61.300000 0.066606
61.400000 0.064105
61.500000 0.061627
61.600000 0.061195
61.700000 0.064140
61.800000 0.066639
61.900000 0.068909
62.000000 0.071212
62.100000 0.073818
62.200000 0.076956
62.300000 0.080774
62.400000 0.085323
62.500000 0.090581
62.600000 0.096469
62.700000 0.102873
62.800000 0.109639
62.900000 0.116522
63.000000 0.123025
63.100000 0.128066
63.200000 0.129921
63.300000 0.127564
63.400000 0.122007
63.500000 0.115010
63.600000 0.107662
63.700000 0.100441
63.800000 0.093571
63.900000 0.087190
64.000000 0.081405
64.100000 0.076295
64.200000 0.071902
64.300000 0.068206
64.400000 0.065106
64.500000 0.062419
64.600000 0.059903
64.700000 0.057307
64.800000 0.058940
64.900000 0.061734
65.000000 0.064186
65.100000 0.066508
65.200000 0.068941
65.300000 0.071722
65.400000 0.075033
65.500000 0.078983
65.600000 0.083596
65.700000 0.088837
65.800000 0.094626
65.900000 0.100845
66.000000 0.107328
66.100000 0.113769
66.200000 0.119507
66.300000 0.123248
66.400000 0.123458
66.500000 0.119908
66.600000 0.113995
66.700000 0.107175
66.800000 0.100226
66.900000 0.093488
67.000000 0.087133
67.100000 0.081274
67.200000 0.075996
67.300000 0.071356
67.400000 0.067368
67.500000 0.063982
67.600000 0.061071
67.700000 0.058445
67.800000 0.055879
67.900000 0.053778
68.000000 0.056872
68.100000 0.059557
68.200000 0.061994
68.300000 0.064385
68.400000 0.066949
68.500000 0.069885
68.600000 0.073340
68.700000 0.077388
68.800000 0.082036
68.900000 0.087238
69.000000 0.092912
69.100000 0.098935
69.200000 0.105109
69.300000 0.111034
69.400000 0.115863
69.500000 0.118199
69.600000 0.116957
69.700000 0.112593
69.800000 0.106563
69.900000 0.099999
70.000000 0.093453
70.100000 0.087173
70.200000 0.081294
70.300000 0.075908
70.400000 0.071083
70.500000 0.066852
70.600000 0.063201
70.700000 0.060054
70.800000 0.057269
70.900000 0.054659
71.000000 0.052019
71.100000 0.052053
71.200000 0.054991
71.300000 0.057604
71.400000 0.060049
71.500000 0.062519
71.600000 0.065206
71.700000 0.068279
71.800000 0.071850
71.900000 0.075968
72.000000 0.080626
72.100000 0.085771
72.200000 0.091317
72.300000 0.097126
72.400000 0.102948
72.500000 0.108257
72.600000 0.112033
72.700000 0.112966
72.800000 0.110549
72.900000 0.105687
73.000000 0.099699
73.100000 0.093431
73.200000 0.087278
73.300000 0.081427
73.400000 0.075986
73.500000 0.071030
73.600000 0.066605
73.700000 0.062723
73.800000 0.059346
73.900000 0.056377
74.000000 0.053668
74.100000 0.051040
74.200000 0.048312
74.300000 0.050475
74.400000 0.053293
74.500000 0.055860
74.600000 0.058333
74.700000 0.060885
74.800000 0.063687
74.900000 0.066877
75.000000 0.070539
75.100000 0.074703
75.200000 0.079350
75.300000 0.084423
75.400000 0.089825
75.500000 0.095392
75.600000 0.100799
75.700000 0.105374
75.800000 0.107996
75.900000 0.107632
76.000000 0.104340
76.100000 0.099221
76.200000 0.093372
76.300000 0.087416
76.400000 0.081641
76.500000 0.076191
76.600000 0.071151
76.700000 0.066580
76.800000 0.062505
76.900000 0.058917
77.000000 0.055756
77.100000 0.052913
77.200000 0.050239
77.300000 0.047570
77.400000 0.046010
77.500000 0.049041
77.600000 0.051769
77.700000 0.054314
77.800000 0.056825
77.900000 0.059461
78.000000 0.062366
78.100000 0.065653
78.200000 0.069385
78.300000 0.073574
78.400000 0.078193
78.500000 0.083178
78.600000 0.088417
78.700000 0.093703
78.800000 0.098611
78.900000 0.102330
79.000000 0.103768
79.100000 0.102294
79.200000 0.098402
79.300000 0.093195
79.400000 0.087544
79.500000 0.081903
79.600000 0.076487
79.700000 0.071408
79.800000 0.066733
79.900000 0.062505
80.000000 0.058732
80.100000 0.055386
80.200000 0.052390
80.300000 0.049630
80.400000 0.046962
80.500000 0.044239
80.600000 0.044840
80.700000 0.047745
80.800000 0.050409
80.900000 0.052950
81.000000 0.055508
81.100000 0.058223
81.200000 0.061220
81.300000 0.064587
81.400000 0.068368
81.500000 0.072564
81.600000 0.077139
81.700000 0.082019
81.800000 0.087068
81.900000 0.092017
82.000000 0.096327
82.100000 0.099099
82.200000 0.099402
82.300000 0.097042
82.400000 0.092776
82.500000 0.087597
82.600000 0.082175
82.700000 0.076843
82.800000 0.071765
82.900000 0.067027
83.000000 0.062683
83.100000 0.058756
83.200000 0.055240
83.300000 0.052088
83.400000 0.049216
83.500000 0.046503
83.600000 0.043820
83.700000 0.041034
83.800000 0.043777
83.900000 0.046583
84.000000 0.049204
84.100000 0.051753
84.200000 0.054361
84.300000 0.057151
84.400000 0.060227
84.500000 0.063656
84.600000 0.067470
84.700000 0.071657
84.800000 0.076173
84.900000 0.080927
85.000000 0.085749
85.100000 0.090291
85.200000 0.093904
85.300000 0.095682
85.400000 0.094967
85.500000 0.091947
85.600000 0.087480
85.700000 0.082404
85.800000 0.077225
85.900000 0.072191
86.000000 0.067428
86.100000 0.063003
86.200000 0.058954
86.300000 0.055290
86.400000 0.051988
86.500000 0.048990
86.600000 0.046203
86.700000 0.043513
86.800000 0.040799
86.900000 0.039860
87.000000 0.042817
87.100000 0.045547
87.200000 0.048141
87.300000 0.050709
87.400000 0.053367
87.500000 0.056225
87.600000 0.059367
87.700000 0.062845
87.800000 0.066675
87.900000 0.070838
88.000000 0.075277
88.100000 0.079881
88.200000 0.084427
88.300000 0.088481
88.400000 0.091312
88.500000 0.092108
88.600000 0.090536
88.700000 0.087057
88.800000 0.082514
88.900000 0.077587
89.000000 0.072655
89.100000 0.067906
89.200000 0.063435
89.300000 0.059295
89.400000 0.055507
89.500000 0.052069
89.600000 0.048942
89.700000 0.046061
89.800000 0.043331
89.900000 0.040643
90.000000 0.037891
90.100000 0.039103
90.200000 0.041956
90.300000 0.044629
90.400000 0.047210
90.500000 0.049802
90.600000 0.052511
90.700000 0.055428
90.800000 0.058624
90.900000 0.062136
91.000000 0.065968
91.100000 0.070091
91.200000 0.074434
91.300000 0.078855
91.400000 0.083066
91.500000 0.086547
91.600000 0.088544
91.700000 0.088426
91.800000 0.086173
91.900000 0.082400
92.000000 0.077870
92.100000 0.073119
92.200000 0.068431
92.300000 0.063950
92.400000 0.059748
92.500000 0.055864
92.600000 0.052306
92.700000 0.049058
92.800000 0.046073
92.900000 0.043278
93.000000 0.040581
93.100000 0.037882
93.200000 0.035440
93.300000 0.038421
93.400000 0.041191
93.500000 0.043822
93.600000 0.046400
93.700000 0.049020
93.800000 0.051775
93.900000 0.054745
94.000000 0.057984
94.100000 0.061516
94.200000 0.065336
94.300000 0.069403
94.400000 0.073626
94.500000 0.077820
94.600000 0.081630
94.700000 0.084462
94.800000 0.085616
94.900000 0.084693
95.000000 0.081928
95.100000 0.077990
95.200000 0.073533
95.300000 0.068970
95.400000 0.064519
95.500000 0.060288
95.600000 0.056333
95.700000 0.052677
95.800000 0.049318
95.900000 0.046228
96.000000 0.043355
96.100000 0.040621
96.200000 0.037939
96.300000 0.035221
96.400000 0.034935
96.500000 0.037811
96.600000 0.040515
96.700000 0.043117
96.800000 0.045700
96.900000 0.048349
97.000000 0.051148
97.100000 0.054161
97.200000 0.057431
97.300000 0.060971
97.400000 0.064765
97.500000 0.068758
97.600000 0.072831
97.700000 0.076749
97.800000 0.080084
97.900000 0.082215
98.000000 0.082559
98.100000 0.080964
98.200000 0.077836
98.300000 0.073829
98.400000 0.069482
98.500000 0.065114
98.600000 0.060889
98.700000 0.056890
98.800000 0.053158
98.900000 0.049703
99.000000 0.046515
99.100000 0.043555
99.200000 0.040767
99.300000 0.038074
99.400000 0.035396
99.500000 0.032653
99.600000 0.034482
99.700000 0.037272
99.800000 0.039924
99.900000 0.042508
100.000000 0.045099
100.100000 0.047779
100.200000 0.050616
100.300000 0.053664
100.400000 0.056954
100.500000 0.060489
100.600000 0.064242
100.700000 0.068139
100.800000 0.072025
100.900000 0.075608
101.000000 0.078404
101.100000 0.079812
101.200000 0.079416
101.300000 0.077284
101.400000 0.073919
101.500000 0.069912
101.600000 0.065699
101.700000 0.061524
101.800000 0.057513
101.900000 0.053728
102.000000 0.050195
102.100000 0.046917
102.200000 0.043872
102.300000 0.041018
102.400000 0.038293
102.500000 0.035626
102.600000 0.032942
102.700000 0.031201
102.800000 0.034081
102.900000 0.036800
103.000000 0.039413
103.100000 0.041985
103.200000 0.044590
103.300000 0.047297
103.400000 0.050167
103.500000 0.053241
103.600000 0.056541
103.700000 0.060060
103.800000 0.063754
103.900000 0.067527
104.000000 0.071183
104.100000 0.074372
104.200000 0.076576
104.300000 0.077272
104.400000 0.076232
104.500000 0.073693
104.600000 0.070188
104.700000 0.066229
104.800000 0.062163
104.900000 0.058176
105.000000 0.054364
105.100000 0.050774
105.200000 0.047420
105.300000 0.044295
105.400000 0.041370
105.500000 0.038598
105.600000 0.035919
105.700000 0.033266
105.800000 0.030571
105.900000 0.030938
106.000000 0.033731
106.100000 0.036392
106.200000 0.038974
106.300000 0.041543
106.400000 0.044162
106.500000 0.046895
106.600000 0.049791
106.700000 0.052884
106.800000 0.056183
106.900000 0.059670
107.000000 0.063286
107.100000 0.066903
107.200000 0.070280
107.300000 0.073016
107.400000 0.074601
107.500000 0.074627
107.600000 0.073048
107.700000 0.070217
107.800000 0.066646
107.900000 0.062768
108.000000 0.058854
108.100000 0.055047
108.200000 0.051421
108.300000 0.048007
108.400000 0.044810
108.500000 0.041815
108.600000 0.038989
108.700000 0.036282
108.800000 0.033635
108.900000 0.030987
109.000000 0.028278
109.100000 0.030711
109.200000 0.033430
109.300000 0.036044
109.400000 0.038605
109.500000 0.041173
109.600000 0.043808
109.700000 0.046563
109.800000 0.049480
109.900000 0.052581
110.000000 0.055868
110.100000 0.059308
110.200000 0.062822
110.300000 0.066246
110.400000 0.069292
110.500000 0.071527
110.600000 0.072489
110.700000 0.071910
110.800000 0.069902
110.900000 0.066872
111.000000 0.063291
111.100000 0.059514
111.200000 0.055753
111.300000 0.052117
111.400000 0.048661
111.500000 0.045404
111.600000 0.042345
111.700000 0.039461
111.800000 0.036714
111.900000 0.034057
112.000000 0.031432
112.100000 0.028783
112.200000 0.027737
112.300000 0.030519
112.400000 0.033176
112.500000 0.035752
112.600000 0.038298
112.700000 0.040869
112.800000 0.043518
112.900000 0.046292
113.000000 0.049223
113.100000 0.052325
113.200000 0.055587
113.300000 0.058962
113.400000 0.062345
113.500000 0.065535
113.600000 0.068198
113.700000 0.069901
113.800000 0.070261
113.900000 0.069160
114.000000 0.066820
114.100000 0.063668
114.200000 0.060117
114.300000 0.056454
114.400000 0.052842
114.500000 0.049366
114.600000 0.046065
114.700000 0.042948
114.800000 0.040008
114.900000 0.037216
115.000000 0.034534
115.100000 0.031914
115.200000 0.029302
115.300000 0.026649
115.400000 0.027653
115.500000 0.030362
115.600000 0.032968
115.700000 0.035514
115.800000 0.038050
115.900000 0.040625
116.000000 0.043287
116.100000 0.046075
116.200000 0.049013
116.300000 0.052105
116.400000 0.055328
116.500000 0.058618
116.600000 0.061838
116.700000 0.064747
116.800000 0.066985
116.900000 0.068143
117.000000 0.067946
117.100000 0.066407
117.200000 0.063824
117.300000 0.060610
117.400000 0.057116
117.500000 0.053572
117.600000 0.050103
117.700000 0.046776
117.800000 0.043615
117.900000 0.040622
118.000000 0.037784
118.100000 0.035069
118.200000 0.032438
118.300000 0.029844
118.400000 0.027240
118.500000 0.024833
118.600000 0.027594
118.700000 0.030239
118.800000 0.032802
118.900000 0.035325
119.000000 0.037854
119.100000 0.040435
119.200000 0.043108
119.300000 0.045905
119.400000 0.048841
119.500000 0.051913
119.600000 0.055082
119.700000 0.058260
119.800000 0.061281
119.900000 0.063866
120.000000 0.065645
120.100000 0.066268
120.200000 0.065571
120.300000 0.063679
120.400000 0.060928
120.500000 0.057697
120.600000 0.054278
120.700000 0.050854
120.800000 0.047522
120.900000 0.044331
121.000000 0.041295
121.100000 0.038411
121.200000 0.035660
121.300000 0.033008
121.400000 0.030417
121.500000 0.027843
121.600000 0.025243
121.700000 0.024870
121.800000 0.027558
121.900000 0.030149
122.000000 0.032677
122.100000 0.035182
122.200000 0.037706
122.300000 0.040292
122.400000 0.042973
122.500000 0.045773
122.600000 0.048701
122.700000 0.051739
122.800000 0.054835
122.900000 0.057875
123.000000 0.060657
123.100000 0.062878
123.200000 0.064182
123.300000 0.064295
123.400000 0.063166
123.500000 0.061000
123.600000 0.058141
123.700000 0.054925
123.800000 0.051593
123.900000 0.048287
124.000000 0.045084
124.100000 0.042016
124.200000 0.039092
124.300000 0.036303
124.400000 0.033624
124.500000 0.031024
124.600000 0.028465
124.700000 0.025904
124.800000 0.023306
124.900000 0.024921
125.000000 0.027546
125.100000 0.030090
125.200000 0.032589
125.300000 0.035080
125.400000 0.037602
125.500000 0.040192
125.600000 0.042877
125.700000 0.045675
125.800000 0.048584
125.900000 0.051575
126.000000 0.054576
126.100000 0.057445
126.200000 0.059950
126.300000 0.061775
126.400000 0.062602
126.500000 0.062247
126.600000 0.060757
126.700000 0.058385
126.800000 0.055466
126.900000 0.052289
127.000000 0.049049
127.100000 0.045858
127.200000 0.042773
127.300000 0.039818
127.400000 0.036993
127.500000 0.034285
127.600000 0.031668
127.700000 0.029110
127.800000 0.026574
127.900000 0.024024
128.000000 0.022328
128.100000 0.024988
128.200000 0.027557
128.300000 0.030062
128.400000 0.032537
128.500000 0.035017
128.600000 0.037537
128.700000 0.040128
128.800000 0.042814
128.900000 0.045602
129.000000 0.048482
129.100000 0.051410
129.200000 0.054291
129.300000 0.056955
129.400000 0.059147
129.500000 0.060556
129.600000 0.060921
129.700000 0.060149
129.800000 0.058364
129.900000 0.055847
130.000000 0.052905
130.100000 0.049782
130.200000 0.046636
130.300000 0.043555
130.400000 0.040580
130.500000 0.037725
130.600000 0.034988
130.700000 0.032349
130.800000 0.029784
130.900000 0.027259
131.000000 0.024742
131.100000 0.022200
131.200000 0.022472
131.300000 0.025069
131.400000 0.027591
131.500000 0.030063
131.600000 0.032518
131.700000 0.034989
131.800000 0.037507
131.900000 0.040098
132.000000 0.042778
132.100000 0.045549
132.200000 0.048387
132.300000 0.051232
132.400000 0.053966
132.500000 0.056391
132.600000 0.058240
132.700000 0.059226
132.800000 0.059156
132.900000 0.058023
133.000000 0.056007
133.100000 0.053392
133.200000 0.050454
133.300000 0.047397
133.400000 0.044345
133.500000 0.041366
133.600000 0.038491
133.700000 0.035727
133.800000 0.033065
133.900000 0.030486
134.000000 0.027963
134.100000 0.025467
134.200000 0.022965
134.300000 0.020428
134.400000 0.022624
134.500000 0.025166
134.600000 0.027646
134.700000 0.030091
134.800000 0.032529
134.900000 0.034992
135.000000 0.037507
135.100000 0.040094
135.200000 0.042764
135.300000 0.045508
135.400000 0.048290
135.500000 0.051030
135.600000 0.053587
135.700000 0.055742
135.800000 0.057226
135.900000 0.057795
136.000000 0.057328
136.100000 0.055890
136.200000 0.053698
136.300000 0.051025
136.400000 0.048112
136.500000 0.045125
136.600000 0.042165
136.700000 0.039282
136.800000 0.036498
136.900000 0.033814
137.000000 0.031218
137.100000 0.028689
137.200000 0.026202
137.300000 0.023728
137.400000 0.021238
137.500000 0.020221
137.600000 0.022785
137.700000 0.025279
137.800000 0.027723
137.900000 0.030143
138.000000 0.032568
138.100000 0.035023
138.200000 0.037533
138.300000 0.040113
138.400000 0.042765
138.500000 0.045471
138.600000 0.048180
138.700000 0.050793
138.800000 0.053143
138.900000 0.054999
139.000000 0.056107
139.100000 0.056275
139.200000 0.055456
139.300000 0.053769
139.400000 0.051448
139.500000 0.048748
139.600000 0.045873
139.700000 0.042960
139.800000 0.040087
139.900000 0.037293
140.000000 0.034590
140.100000 0.031977
140.200000 0.029438
140.300000 0.026953
140.400000 0.024495
140.500000 0.022040
140.600000 0.019560
140.700000 0.020445
140.800000 0.022956
140.900000 0.025407
141.000000 0.027820
141.100000 0.030219
141.200000 0.032631
141.300000 0.035079
141.400000 0.037582
141.500000 0.040149
141.600000 0.042776
141.700000 0.045431
141.800000 0.048049
141.900000 0.050507
142.000000 0.052621
142.100000 0.054157
142.200000 0.054889
142.300000 0.054684
142.400000 0.053558
142.500000 0.051673
142.600000 0.049263
142.700000 0.046558
142.800000 0.043731
142.900000 0.040892
143.000000 0.038102
143.100000 0.035389
143.200000 0.032761
143.300000 0.030210
143.400000 0.027720
143.500000 0.025271
143.600000 0.022839
143.700000 0.020399
143.800000 0.018146
143.900000 0.020674
144.000000 0.023136
144.100000 0.025549
144.200000 0.027935
144.300000 0.030316
144.400000 0.032717
144.500000 0.035156
144.600000 0.037649
144.700000 0.040198
144.800000 0.042789
144.900000 0.045380
145.000000 0.047884
145.100000 0.050162
145.200000 0.052015
145.300000 0.053217
145.400000 0.053582
145.500000 0.053037
145.600000 0.051652
145.700000 0.049613
145.800000 0.047147
145.900000 0.044456
146.000000 0.041682
146.100000 0.038916
146.200000 0.036203
146.300000 0.033565
146.400000 0.031002
146.500000 0.028505
146.600000 0.026058
146.700000 0.023641
146.800000 0.021230
146.900000 0.018804
147.000000 0.018432
147.100000 0.020906
147.200000 0.023325
147.300000 0.025706
147.400000 0.028068
147.500000 0.030433
147.600000 0.032822
147.700000 0.035251
147.800000 0.037730
147.900000 0.040254
148.000000 0.042799
148.100000 0.045307
148.200000 0.047677
148.300000 0.049748
148.400000 0.051318
148.500000 0.052181
148.600000 0.052198
148.700000 0.051351
148.800000 0.049753
148.900000 0.047599
149.000000 0.045102
149.100000 0.042436
149.200000 0.039719
149.300000 0.037023
149.400000 0.034383
149.500000 0.031811
149.600000 0.029307
149.700000 0.026858
149.800000 0.024448
149.900000 0.022058
150.000000 0.019665
150.100000 0.017253
150.200000 0.018717
150.300000 0.021144
150.400000 0.023525
150.500000 0.025876
150.600000 0.028217
150.700000 0.030567
150.800000 0.032944
150.900000 0.035361
151.000000 0.037820
151.100000 0.040311
151.200000 0.042797
151.300000 0.045205
151.400000 0.047416
151.500000 0.049257
151.600000 0.050530
151.700000 0.051058
151.800000 0.050751
151.900000 0.049642
152.000000 0.047871
152.100000 0.045635
152.200000 0.043127
152.300000 0.040496
152.400000 0.037837
152.500000 0.035208
152.600000 0.032634
152.700000 0.030123
152.800000 0.027670
152.900000 0.025263
153.000000 0.022886
153.100000 0.020519
153.200000 0.018144
153.300000 0.016567
153.400000 0.019003
153.500000 0.021387
153.600000 0.023734
153.700000 0.026059
153.800000 0.028381
153.900000 0.030716
154.000000 0.033080
154.100000 0.035481
154.200000 0.037916
154.300000 0.040363
154.400000 0.042776
154.500000 0.045064
154.600000 0.047093
154.700000 0.048684
154.800000 0.049652
154.900000 0.049856
155.000000 0.049256
155.100000 0.047923
155.200000 0.046017
155.300000 0.043726
155.400000 0.041222
155.500000 0.038631
155.600000 0.036030
155.700000 0.033464
155.800000 0.030951
155.900000 0.028494
156.000000 0.026087
156.100000 0.023717
156.200000 0.021368
156.300000 0.019022
156.400000 0.016663
156.500000 0.016900
156.600000 0.019290
156.700000 0.021636
156.800000 0.023952
156.900000 0.026253
157.000000 0.028557
157.100000 0.030878
157.200000 0.033227
157.300000 0.035608
157.400000 0.038011
157.500000 0.040404
157.600000 0.042727
157.700000 0.044875
157.800000 0.046700
157.900000 0.048026
158.000000 0.048688
158.100000 0.048588
158.200000 0.047726
158.300000 0.046207
158.400000 0.044197
158.500000 0.041873
158.600000 0.039385
158.700000 0.036837
158.800000 0.034292
158.900000 0.031785
159.000000 0.029327
159.100000 0.026920
159.200000 0.024554
159.300000 0.022216
159.400000 0.019892
159.500000 0.017566
159.600000 0.015223
159.700000 0.017231
159.800000 0.019578
159.900000 0.021890
160.000000 0.024179
160.100000 0.026459
160.200000 0.028745
160.300000 0.031051
160.400000 0.033383
160.500000 0.035738
160.600000 0.038101
160.700000 0.040427
160.800000 0.042643
160.900000 0.044629
161.000000 0.046232
161.100000 0.047283
161.200000 0.047646
161.300000 0.047264
161.400000 0.046175
161.500000 0.044504
161.600000 0.042417
161.700000 0.040077
161.800000 0.037613
161.900000 0.035110
162.000000 0.032619
162.100000 0.030166
162.200000 0.027759
162.300000 0.025396
162.400000 0.023066
162.500000 0.020758
162.600000 0.018456
162.700000 0.016148
162.800000 0.015211
162.900000 0.017560
163.000000 0.019869
163.100000 0.022150
163.200000 0.024413
163.300000 0.026673
163.400000 0.028943
163.500000 0.031232
163.600000 0.033543
163.700000 0.035867
163.800000 0.038179
163.900000 0.040425
164.000000 0.042514
164.100000 0.044320
164.200000 0.045685
164.300000 0.046458
164.400000 0.046535
164.500000 0.045897
164.600000 0.044613
164.700000 0.042820
164.800000 0.040680
164.900000 0.038338
165.000000 0.035902
165.100000 0.033445
165.200000 0.031006
165.300000 0.028603
165.400000 0.026242
165.500000 0.023918
165.600000 0.021621
165.700000 0.019339
165.800000 0.017059
165.900000 0.014769
166.000000 0.015579
166.100000 0.017888
166.200000 0.020163
166.300000 0.022415
166.400000 0.024655
166.500000 0.026896
166.600000 0.029148
166.700000 0.031418
166.800000 0.033704
166.900000 0.035990
167.000000 0.038240
167.100000 0.040389
167.200000 0.042335
167.300000 0.043942
167.400000 0.045059
167.500000 0.045556
167.600000 0.045365
167.700000 0.044498
167.800000 0.043050
167.900000 0.041163
168.000000 0.038988
168.100000 0.036654
168.200000 0.034251
168.300000 0.031839
168.400000 0.029448
168.500000 0.027092
168.600000 0.024773
168.700000 0.022484
168.800000 0.020216
168.900000 0.017958
169.000000 0.015698
169.100000 0.013638
169.200000 0.015943
169.300000 0.018215
169.400000 0.020459
169.500000 0.022684
169.600000 0.024903
169.700000 0.027125
169.800000 0.029360
169.900000 0.031608
170.000000 0.033863
170.100000 0.036102
170.200000 0.038278
170.300000 0.040314
170.400000 0.042098
170.500000 0.043491
170.600000 0.044355
170.700000 0.044585
170.800000 0.044146
170.900000 0.043079
171.000000 0.041496
171.100000 0.039538
171.200000 0.037343
171.300000 0.035023
171.400000 0.032656
171.500000 0.030287
171.600000 0.027941
171.700000 0.025628
171.800000 0.023347
171.900000 0.021090
172.000000 0.018849
172.100000 0.016613
172.200000 0.014373
172.300000 0.014038
172.400000 0.016305
172.500000 0.018542
172.600000 0.020757
172.700000 0.022959
172.800000 0.025157
172.900000 0.027360
173.000000 0.029574
173.100000 0.031797
173.200000 0.034015
173.300000 0.036196
173.400000 0.038285
173.500000 0.040192
173.600000 0.041797
173.700000 0.042966
173.800000 0.043577
173.900000 0.043552
174.000000 0.042888
174.100000 0.041650
174.200000 0.039957
174.300000 0.037947
174.400000 0.035744
174.500000 0.033444
174.600000 0.031113
174.700000 0.028786
174.800000 0.026483
174.900000 0.024209
175.000000 0.021961
175.100000 0.019734
175.200000 0.017518
175.300000 0.015303
175.400000 0.013084
175.500000 0.014432
175.600000 0.016663
175.700000 0.018869
175.800000 0.021058
175.900000 0.023236
176.000000 0.025414
176.100000 0.027598
176.200000 0.029790
176.300000 0.031982
176.400000 0.034155
176.500000 0.036269
176.600000 0.038255
176.700000 0.040017
176.800000 0.041430
176.900000 0.042368
177.000000 0.042730
177.100000 0.042467
177.200000 0.041601
177.300000 0.040218
177.400000 0.038438
177.500000 0.036392
177.600000 0.034190
177.700000 0.031915
177.800000 0.029619
177.900000 0.027332
178.000000 0.025068
178.100000 0.022830
178.200000 0.020614
178.300000 0.018414
178.400000 0.016221
178.500000 0.014028
178.600000 0.012598
178.700000 0.014821
178.800000 0.017019
178.900000 0.019197
179.000000 0.021360
179.100000 0.023517
179.200000 0.025675
179.300000 0.027838
179.400000 0.030004
179.500000 0.032160
179.600000 0.034280
179.700000 0.036314
179.800000 0.038183
179.900000 0.039783
180.000000 0.040994
180.100000 0.041699
180.200000 0.041820
180.300000 0.041338
180.400000 0.040296
180.500000 0.038790
180.600000 0.036943
180.700000 0.034875
180.800000 0.032681
180.900000 0.030433
181.000000 0.028172
181.100000 0.025923
181.200000 0.023696
181.300000 0.021490
181.400000 0.019304
181.500000 0.017128
181.600000 0.014958
181.700000 0.012786
181.800000 0.013016
181.900000 0.015206
182.000000 0.017374
182.100000 0.019525
182.200000 0.021665
182.300000 0.023801
182.400000 0.025938
182.500000 0.028077
182.600000 0.030213
182.700000 0.032327
182.800000 0.034384
182.900000 0.036324
183.000000 0.038062
183.100000 0.039489
183.200000 0.040488
183.300000 0.040962
183.400000 0.040856
183.500000 0.040174
183.600000 0.038979
183.700000 0.037373
183.800000 0.035476
183.900000 0.033396
184.000000 0.031216
184.100000 0.028995
184.200000 0.026769
184.300000 0.024556
184.400000 0.022362
184.500000 0.020187
184.600000 0.018027
184.700000 0.015876
184.800000 0.013727
184.900000 0.011578
185.000000 0.013429
185.100000 0.015587
185.200000 0.017727
185.300000 0.019852
185.400000 0.021970
185.500000 0.024085
185.600000 0.026200
185.700000 0.028313
185.800000 0.030414
185.900000 0.032478
186.000000 0.034461
186.100000 0.036295
186.200000 0.037888
186.300000 0.039130
186.400000 0.039914
186.500000 0.040163
186.600000 0.039844
186.700000 0.038984
186.800000 0.037658
186.900000 0.035972
187.000000 0.034039
187.100000 0.031954
187.200000 0.029792
187.300000 0.027600
187.400000 0.025407
187.500000 0.023227
187.600000 0.021064
187.700000 0.018918
187.800000 0.016783
187.900000 0.014655
188.000000 0.012528
188.100000 0.011691
188.200000 0.013836
188.300000 0.015965
188.400000 0.018078
188.500000 0.020180
188.600000 0.022275
188.700000 0.024369
188.800000 0.026460
188.900000 0.028544
189.000000 0.030604
189.100000 0.032609
189.200000 0.034507
189.300000 0.036222
189.400000 0.037656
189.500000 0.038705
189.600000 0.039276
189.700000 0.039308
189.800000 0.038793
189.900000 0.037775
190.000000 0.036339
190.100000 0.034590
190.200000 0.032632
190.300000 0.030551
190.400000 0.028408
190.500000 0.026245
190.600000 0.024084
190.700000 0.021935
190.800000 0.019801
190.900000 0.017681
191.000000 0.015571
191.100000 0.013465
191.200000 0.011362
191.300000 0.012122
191.400000 0.014238
191.500000 0.016339
191.600000 0.018427
191.700000 0.020506
191.800000 0.022580
191.900000 0.024651
192.000000 0.026717
192.100000 0.028767
192.200000 0.030779
192.300000 0.032716
192.400000 0.034516
192.500000 0.036099
192.600000 0.037365
192.700000 0.038217
192.800000 0.038576
192.900000 0.038403
193.000000 0.037711
193.100000 0.036555
193.200000 0.035028
193.300000 0.033230
193.400000 0.031257
193.500000 0.029184
193.600000 0.027063
193.700000 0.024928
193.800000 0.022796
193.900000 0.020677
194.000000 0.018571
194.100000 0.016476
194.200000 0.014388
194.300000 0.012306
194.400000 0.010449
194.500000 0.012548
194.600000 0.014636
194.700000 0.016711
194.800000 0.018775
194.900000 0.020832
195.000000 0.022884
195.100000 0.024930
195.200000 0.026967
195.300000 0.028978
195.400000 0.030935
195.500000 0.032793
195.600000 0.034484
195.700000 0.035923
195.800000 0.037012
195.900000 0.037665
196.000000 0.037820
196.100000 0.037456
196.200000 0.036604
196.300000 0.035330
196.400000 0.033728
196.500000 0.031894
196.600000 0.029914
196.700000 0.027852
196.800000 0.025754
196.900000 0.023646
197.000000 0.021544
197.100000 0.019452
197.200000 0.017372
197.300000 0.015301
197.400000 0.013236
197.500000 0.011177
197.600000 0.010895
197.700000 0.012967
197.800000 0.015029
197.900000 0.017079
198.000000 0.019121
198.100000 0.021155
198.200000 0.023184
198.300000 0.025205
198.400000 0.027208
198.500000 0.029174
198.600000 0.031068
198.700000 0.032836
198.800000 0.034407
198.900000 0.035691
199.000000 0.036599
199.100000 0.037054
199.200000 0.037013
199.300000 0.036474
199.400000 0.035480
199.500000 0.034106
199.600000 0.032444
199.700000 0.030584
199.800000 0.028602
199.900000 0.026555
200.000000 0.024480
200.100000 0.022399
200.200000 0.020324
200.300000 0.018258
200.400000 0.016202
200.500000 0.014155
200.600000 0.012114
200.700000 0.010080
200.800000 0.011336
200.900000 0.013381
201.000000 0.015418
201.100000 0.017445
201.200000 0.019464
201.300000 0.021476
201.400000 0.023481
201.500000 0.025473
201.600000 0.027438
201.700000 0.029352
201.800000 0.031173
201.900000 0.032841
202.000000 0.034280
202.100000 0.035402
202.200000 0.036125
202.300000 0.036387
202.400000 0.036161
202.500000 0.035462
202.600000 0.034344
202.700000 0.032886
202.800000 0.031177
202.900000 0.029300
203.000000 0.027322
203.100000 0.025291
203.200000 0.023239
203.300000 0.021184
203.400000 0.019134
203.500000 0.017094
203.600000 0.015062
203.700000 0.013037
203.800000 0.011020
203.900000 0.009743
204.000000 0.011769
204.100000 0.013790
204.200000 0.015803
204.300000 0.017807
204.400000 0.019804
204.500000 0.021793
204.600000 0.023772
204.700000 0.025731
204.800000 0.027654
204.900000 0.029508
205.000000 0.031246
205.100000 0.032803
205.200000 0.034101
205.300000 0.035056
205.400000 0.035594
205.500000 0.035669
205.600000 0.035271
205.700000 0.034429
205.800000 0.033203
205.900000 0.031675
206.000000 0.029930
206.100000 0.028042
206.200000 0.026071
206.300000 0.024058
206.400000 0.022030
206.500000 0.019999
206.600000 0.017975
206.700000 0.015958
206.800000 0.013949
206.900000 0.011948
207.000000 0.009957
207.100000 0.010195
207.200000 0.012197
207.300000 0.014194
207.400000 0.016184
207.500000 0.018166
207.600000 0.020140
207.700000 0.022105
207.800000 0.024055
207.900000 0.025978
208.000000 0.027851
208.100000 0.029637
208.200000 0.031283
208.300000 0.032720
208.400000 0.033869
208.500000 0.034652
208.600000 0.035008
208.700000 0.034906
208.800000 0.034349
208.900000 0.033378
209.000000 0.032060
209.100000 0.030476
209.200000 0.028704
209.300000 0.026812
209.400000 0.024851
209.500000 0.022857
209.600000 0.020850
209.700000 0.018844
209.800000 0.016843
209.900000 0.014850
210.000000 0.012864
210.100000 0.010887
210.200000 0.008923
210.300000 0.010640
210.400000 0.012619
210.500000 0.014593
210.600000 0.016561
210.700000 0.018520
210.800000 0.020471
210.900000 0.022411
211.000000 0.024329
211.100000 0.026211
211.200000 0.028028
211.300000 0.029737
211.400000 0.031281
211.500000 0.032588
211.600000 0.033582
211.700000 0.034192
211.800000 0.034372
211.900000 0.034102
212.000000 0.033400
212.100000 0.032317
212.200000 0.030921
212.300000 0.029291
212.400000 0.027500
212.500000 0.025608
212.600000 0.023659
212.700000 0.021684
212.800000 0.019700
212.900000 0.017717
213.000000 0.015739
213.100000 0.013769
213.200000 0.011806
213.300000 0.009855
213.400000 0.009122
213.500000 0.011079
213.600000 0.013035
213.700000 0.014987
213.800000 0.016933
213.900000 0.018870
214.000000 0.020797
214.100000 0.022708
214.200000 0.024592
214.300000 0.026427
214.400000 0.028180
214.500000 0.029804
214.600000 0.031237
214.700000 0.032406
214.800000 0.033240
214.900000 0.033680
215.000000 0.033688
215.100000 0.033263
215.200000 0.032431
215.300000 0.031249
215.400000 0.029788
215.500000 0.028122
215.600000 0.026319
215.700000 0.024430
215.800000 0.022496
215.900000 0.020540
216.000000 0.018577
216.100000 0.016617
216.200000 0.014662
216.300000 0.012714
216.400000 0.010776
216.500000 0.008851
216.600000 0.009575
216.700000 0.011511
216.800000 0.013446
216.900000 0.015377
217.000000 0.017300
217.100000 0.019214
217.200000 0.021116
217.300000 0.022996
217.400000 0.024840
217.500000 0.026622
217.600000 0.028304
217.700000 0.029834
217.800000 0.031146
217.900000 0.032172
218.000000 0.032845
218.100000 0.033117
218.200000 0.032964
218.300000 0.032394
218.400000 0.031446
218.500000 0.030179
218.600000 0.028664
218.700000 0.026971
218.800000 0.025160
218.900000 0.023278
219.000000 0.021359
219.100000 0.019422
219.200000 0.017481
219.300000 0.015543
219.400000 0.013610
219.500000 0.011685
219.600000 0.009772
219.700000 0.008113
219.800000 0.010022
219.900000 0.011938
220.000000 0.013852
220.100000 0.015761
220.200000 0.017662
220.300000 0.019553
220.400000 0.021427
220.500000 0.023273
220.600000 0.025072
220.700000 0.026794
220.800000 0.028397
220.900000 0.029823
221.000000 0.031009
221.100000 0.031887
221.200000 0.032399
221.300000 0.032508
221.400000 0.032202
221.500000 0.031501
221.600000 0.030450
221.700000 0.029110
221.800000 0.027552
221.900000 0.025838
222.000000 0.024025
222.100000 0.022152
222.200000 0.020248
222.300000 0.018331
222.400000 0.016411
222.500000 0.014494
222.600000 0.012583
222.700000 0.010682
222.800000 0.008796
222.900000 0.008572
223.000000 0.010463
223.100000 0.012358
223.200000 0.014252
223.300000 0.016139
223.400000 0.018018
223.500000 0.019883
223.600000 0.021727
223.700000 0.023535
223.800000 0.025284
223.900000 0.026940
224.000000 0.028455
224.100000 0.029771
224.200000 0.030823
224.300000 0.031550
224.400000 0.031904
224.500000 0.031856
224.600000 0.031408
224.700000 0.030589
224.800000 0.029447
224.900000 0.028046
225.000000 0.026453
225.100000 0.024725
225.200000 0.022912
225.300000 0.021050
225.400000 0.019162
225.500000 0.017264
225.600000 0.015365
225.700000 0.013470
225.800000 0.011582
225.900000 0.009706
226.000000 0.007848
226.100000 0.009025
226.200000 0.010898
226.300000 0.012773
226.400000 0.014646
226.500000 0.016512
226.600000 0.018367
226.700000 0.020205
226.800000 0.022016
226.900000 0.023782
227.000000 0.025474
227.100000 0.027056
227.200000 0.028475
227.300000 0.029673
227.400000 0.030588
227.500000 0.031164
227.600000 0.031362
227.700000 0.031166
227.800000 0.030588
227.900000 0.029661
228.000000 0.028441
228.100000 0.026989
228.200000 0.025368
228.300000 0.023632
228.400000 0.021823
228.500000 0.019972
228.600000 0.018101
228.700000 0.016223
228.800000 0.014344
228.900000 0.012470
229.000000 0.010605
229.100000 0.008755
229.200000 0.007628
229.300000 0.009472
229.400000 0.011326
229.500000 0.013182
229.600000 0.015034
229.700000 0.016878
229.800000 0.018708
229.900000 0.020517
230.000000 0.022291
230.100000 0.024009
230.200000 0.025639
230.300000 0.027139
230.400000 0.028456
230.500000 0.029530
230.600000 0.030304
230.700000 0.030730
230.800000 0.030778
230.900000 0.030443
231.000000 0.029745
231.100000 0.028724
231.200000 0.027436
231.300000 0.025942
231.400000 0.024300
231.500000 0.022558
231.600000 0.020755
231.700000 0.018918
231.800000 0.017064
231.900000 0.015204
232.000000 0.013346
232.100000 0.011494
232.200000 0.009654
232.300000 0.007832
232.400000 0.008084
232.500000 0.009913
232.600000 0.011749
232.700000 0.013585
232.800000 0.015416
232.900000 0.017237
233.000000 0.019041
233.100000 0.020818
233.200000 0.022551
233.300000 0.024216
233.400000 0.025777
233.500000 0.027188
233.600000 0.028395
233.700000 0.029341
233.800000 0.029973
233.900000 0.030251
234.000000 0.030155
234.100000 0.029691
234.200000 0.028883
234.300000 0.027779
234.400000 0.026433
234.500000 0.024905
234.600000 0.023247
234.700000 0.021505
234.800000 0.019710
234.900000 0.017886
235.000000 0.016049
235.100000 0.014209
235.200000 0.012371
235.300000 0.010542
235.400000 0.008728
235.500000 0.006938
235.600000 0.008535
235.700000 0.010347
235.800000 0.012165
235.900000 0.013982
236.000000 0.015791
236.100000 0.017588
236.200000 0.019363
236.300000 0.021105
236.400000 0.022793
236.500000 0.024398
236.600000 0.025883
236.700000 0.027199
236.800000 0.028291
236.900000 0.029105
237.000000 0.029595
237.100000 0.029729
237.200000 0.029498
237.300000 0.028913
237.400000 0.028008
237.500000 0.026831
237.600000 0.025437
237.700000 0.023881
237.800000 0.022213
237.900000 0.020471
238.000000 0.018686
238.100000 0.016877
238.200000 0.015057
238.300000 0.013236
238.400000 0.011420
238.500000 0.009614
238.600000 0.007828
238.700000 0.007197
238.800000 0.008979
238.900000 0.010775
239.000000 0.012575
239.100000 0.014371
239.200000 0.016158
239.300000 0.017929
239.400000 0.019674
239.500000 0.021376
239.600000 0.023014
239.700000 0.024555
239.800000 0.025957
239.900000 0.027170
240.000000 0.028142
240.100000 0.028823
240.200000 0.029172
240.300000 0.029168
240.400000 0.028809
240.500000 0.028115
240.600000 0.027122
240.700000 0.025882
240.800000 0.024447
240.900000 0.022870
241.000000 0.021195
241.100000 0.019457
241.200000 0.017683
241.300000 0.015889
241.400000 0.014087
241.500000 0.012286
241.600000 0.010491
241.700000 0.008711
241.800000 0.006955
241.900000 0.007649
242.000000 0.009418
242.100000 0.011198
242.200000 0.012978
242.300000 0.014754
242.400000 0.016518
242.500000 0.018261
242.600000 0.019971
242.700000 0.021631
242.800000 0.023213
242.900000 0.024682
243.000000 0.025995
243.100000 0.027101
243.200000 0.027949
243.300000 0.028496
243.400000 0.028708
243.500000 0.028572
243.600000 0.028094
243.700000 0.027300
243.800000 0.026230
243.900000 0.024935
244.000000 0.023467
244.100000 0.021873
244.200000 0.020195
244.300000 0.018463
244.400000 0.016701
244.500000 0.014922
244.600000 0.013138
244.700000 0.011357
244.800000 0.009586
244.900000 0.007833
245.000000 0.006362
245.100000 0.008096
245.200000 0.009851
245.300000 0.011613
245.400000 0.013375
245.500000 0.015129
245.600000 0.016867
245.700000 0.018581
245.800000 0.020254
245.900000 0.021865
246.000000 0.023386
246.100000 0.024778
246.200000 0.025995
246.300000 0.026989
246.400000 0.027712
246.500000 0.028126
246.600000 0.028205
246.700000 0.027944
246.800000 0.027356
246.900000 0.026471
247.000000 0.025333
247.100000 0.023992
247.200000 0.022497
247.300000 0.020892
247.400000 0.019213
247.500000 0.017489
247.600000 0.015739
247.700000 0.013976
247.800000 0.012211
247.900000 0.010451
248.000000 0.008704
248.100000 0.006980
248.200000 0.006814
248.300000 0.008537
248.400000 0.010277
248.500000 0.012022
248.600000 0.013764
248.700000 0.015495
248.800000 0.017207
248.900000 0.018887
249.000000 0.020519
249.100000 0.022078
249.200000 0.023532
249.300000 0.024840
249.400000 0.025957
249.500000 0.026836
249.600000 0.027432
249.700000 0.027714
249.800000 0.027666
249.900000 0.027287
250.000000 0.026598
250.100000 0.025633
250.200000 0.024436
250.300000 0.023055
250.400000 0.021538
250.500000 0.019925
250.600000 0.018249
250.700000 0.016533
250.800000 0.014797
250.900000 0.013051
251.000000 0.011305
251.100000 0.009567
251.200000 0.007846
251.300000 0.006155
251.400000 0.007261
251.500000 0.008973
251.600000 0.010697
251.700000 0.012424
251.800000 0.014145
251.900000 0.015852
252.000000 0.017535
252.100000 0.019180
252.200000 0.020766
252.300000 0.022267
252.400000 0.023649
252.500000 0.024868
252.600000 0.025880
252.700000 0.026640
252.800000 0.027110
252.900000 0.027265
253.000000 0.027094
253.100000 0.026606
253.200000 0.025824
253.300000 0.024787
253.400000 0.023539
253.500000 0.022126
253.600000 0.020592
253.700000 0.018975
253.800000 0.017302
253.900000 0.015597
254.000000 0.013875
254.100000 0.012146
254.200000 0.010420
254.300000 0.008706
254.400000 0.007013
254.500000 0.006026
254.600000 0.007703
254.700000 0.009402
254.800000 0.011111
254.900000 0.012819
255.000000 0.014518
255.100000 0.016199
255.200000 0.017850
255.300000 0.019456
255.400000 0.020992
255.500000 0.022430
255.600000 0.023733
255.700000 0.024858
255.800000 0.025762
255.900000 0.026402
256.000000 0.026748
256.100000 0.026779
256.200000 0.026493
256.300000 0.025903
256.400000 0.025038
256.500000 0.023937
256.600000 0.022645
256.700000 0.021206
256.800000 0.019659
256.900000 0.018040
257.000000 0.016373
257.100000 0.014679
257.200000 0.012972
257.300000 0.011261
257.400000 0.009556
257.500000 0.007867
257.600000 0.006206
257.700000 0.006472
257.800000 0.008139
257.900000 0.009825
258.000000 0.011517
258.100000 0.013206
258.200000 0.014881
258.300000 0.016535
258.400000 0.018152
258.500000 0.019714
258.600000 0.021195
258.700000 0.022565
258.800000 0.023785
258.900000 0.024811
259.000000 0.025603
259.100000 0.026124
259.200000 0.026347
259.300000 0.026260
259.400000 0.025865
259.500000 0.025182
259.600000 0.024243
259.700000 0.023086
259.800000 0.021756
259.900000 0.020295
260.000000 0.018740
260.100000 0.017121
260.200000 0.015462
260.300000 0.013780
260.400000 0.012088
260.500000 0.010397
260.600000 0.008714
260.700000 0.007052
260.800000 0.005425
260.900000 0.006913
261.000000 0.008570
261.100000 0.010242
261.200000 0.011916
261.300000 0.013584
261.400000 0.015235
261.500000 0.016858
261.600000 0.018437
261.700000 0.019951
261.800000 0.021374
261.900000 0.022670
262.000000 0.023801
262.100000 0.024726
262.200000 0.025405
262.300000 0.025807
262.400000 0.025911
262.500000 0.025711
262.600000 0.025215
262.700000 0.024447
262.800000 0.023440
262.900000 0.022235
263.000000 0.020874
263.100000 0.019395
263.200000 0.017834
263.300000 0.016218
263.400000 0.014568
263.500000 0.012899
263.600000 0.011224
263.700000 0.009552
263.800000 0.007894
263.900000 0.006262
264.000000 0.005727
264.100000 0.007349
264.200000 0.008995
264.300000 0.010652
264.400000 0.012307
264.500000 0.013952
264.600000 0.015577
264.700000 0.017167
264.800000 0.018705
264.900000 0.020167
265.000000 0.021526
265.100000 0.022743
265.200000 0.023782
265.300000 0.024602
265.400000 0.025167
265.500000 0.025452
265.600000 0.025441
265.700000 0.025134
265.800000 0.024545
265.900000 0.023699
266.000000 0.022633
266.100000 0.021386
266.200000 0.019998
266.300000 0.018507
266.400000 0.016943
266.500000 0.015332
266.600000 0.013692
266.700000 0.012037
266.800000 0.010379
266.900000 0.008729
267.000000 0.007097
267.100000 0.005497
267.200000 0.006165
267.300000 0.007780
267.400000 0.009414
267.500000 0.011054
267.600000 0.012690
267.700000 0.014311
267.800000 0.015906
267.900000 0.017460
268.000000 0.018953
268.100000 0.020360
268.200000 0.021649
268.300000 0.022784
268.400000 0.023726
268.500000 0.024439
268.600000 0.024892
268.700000 0.025062
268.800000 0.024941
268.900000 0.024534
269.000000 0.023858
269.100000 0.022943
269.200000 0.021824
269.300000 0.020541
269.400000 0.019132
269.500000 0.017631
269.600000 0.016067
269.700000 0.014462
269.800000 0.012833
269.900000 0.011193
270.000000 0.009554
270.100000 0.007926
270.200000 0.006323
270.300000 0.005026
270.400000 0.006600
270.500000 0.008205
270.600000 0.009826
270.700000 0.011449
270.800000 0.013063
270.900000 0.014659
271.000000 0.016222
271.100000 0.017737
271.200000 0.019181
271.300000 0.020527
271.400000 0.021742
271.500000 0.022790
271.600000 0.023633
271.700000 0.024239
271.800000 0.024580
271.900000 0.024639
272.000000 0.024413
272.100000 0.023912
272.200000 0.023157
272.300000 0.022179
272.400000 0.021015
272.500000 0.019701
272.600000 0.018275
272.700000 0.016768
272.800000 0.015205
272.900000 0.013607
273.000000 0.011991
273.100000 0.010367
273.200000 0.008748
273.300000 0.007146
273.400000 0.005573
273.500000 0.005460
273.600000 0.007029
273.700000 0.008625
273.800000 0.010231
273.900000 0.011835
274.000000 0.013427
274.100000 0.014994
274.200000 0.016524
274.300000 0.017995
274.400000 0.019386
274.500000 0.020667
274.600000 0.021804
274.700000 0.022761
274.800000 0.023504
274.900000 0.024002
275.000000 0.024232
275.100000 0.024185
275.200000 0.023860
275.300000 0.023272
275.400000 0.022445
275.500000 0.021411
275.600000 0.020207
275.700000 0.018868
275.800000 0.017428
275.900000 0.015917
276.000000 0.014358
276.100000 0.012770
276.200000 0.011166
276.300000 0.009560
276.400000 0.007963
276.500000 0.006387
276.600000 0.004850
276.700000 0.005891
276.800000 0.007454
276.900000 0.009038
277.000000 0.010628
277.100000 0.012212
277.200000 0.013779
277.300000 0.015317
277.400000 0.016808
277.500000 0.018234
277.600000 0.019567
277.700000 0.020778
277.800000 0.021833
277.900000 0.022697
278.000000 0.023338
278.100000 0.023729
278.200000 0.023852
278.300000 0.023702
278.400000 0.023285
278.500000 0.022616
278.600000 0.021724
278.700000 0.020641
278.800000 0.019402
278.900000 0.018042
279.000000 0.016592
279.100000 0.015080
279.200000 0.013526
279.300000 0.011948
279.400000 0.010359
279.500000 0.008772
279.600000 0.007198
279.700000 0.005652
279.800000 0.004795
279.900000 0.006318
280.000000 0.007873
280.100000 0.009444
280.200000 0.011017
280.300000 0.012579
280.400000 0.014120
280.500000 0.015625
280.600000 0.017076
280.700000 0.018450
280.800000 0.019722
280.900000 0.020859
281.000000 0.021829
281.100000 0.022597
281.200000 0.023136
281.300000 0.023421
281.400000 0.023441
281.500000 0.023194
281.600000 0.022689
281.700000 0.021948
281.800000 0.020997
281.900000 0.019870
282.000000 0.018602
282.100000 0.017225
282.200000 0.015768
282.300000 0.014256
282.400000 0.012709
282.500000 0.011143
282.600000 0.009570
282.700000 0.008003
282.800000 0.006455
282.900000 0.004942
283.000000 0.005221
283.100000 0.006741
283.200000 0.008287
283.300000 0.009843
283.400000 0.011397
283.500000 0.012936
283.600000 0.014448
283.700000 0.015917
283.800000 0.017323
283.900000 0.018644
284.000000 0.019850
284.100000 0.020909
284.200000 0.021791
284.300000 0.022463
284.400000 0.022899
284.500000 0.023082
284.600000 0.023002
284.700000 0.022663
284.800000 0.022077
284.900000 0.021268
285.000000 0.020265
285.100000 0.019100
285.200000 0.017807
285.300000 0.016416
285.400000 0.014955
285.500000 0.013446
285.600000 0.011908
285.700000 0.010354
285.800000 0.008799
285.900000 0.007254
286.000000 0.005734
286.100000 0.004258
286.200000 0.005644
286.300000 0.007158
286.400000 0.008693
286.500000 0.010234
286.600000 0.011767
286.700000 0.013281
286.800000 0.014762
286.900000 0.016192
287.000000 0.017550
287.100000 0.018812
287.200000 0.019949
287.300000 0.020928
287.400000 0.021719
287.500000 0.022294
287.600000 0.022629
287.700000 0.022711
287.800000 0.022536
287.900000 0.022110
288.000000 0.021450
288.100000 0.020581
288.200000 0.019531
288.300000 0.018333
288.400000 0.017019
288.500000 0.015618
288.600000 0.014155
288.700000 0.012650
288.800000 0.011121
288.900000 0.009582
289.000000 0.008046
289.100000 0.006525
289.200000 0.005036
289.300000 0.004589
289.400000 0.006063
289.500000 0.007571
289.600000 0.009093
289.700000 0.010616
289.800000 0.012128
289.900000 0.013614
290.000000 0.015060
290.100000 0.016448
290.200000 0.017755
290.300000 0.018955
290.400000 0.020018
290.500000 0.020914
290.600000 0.021614
290.700000 0.022091
290.800000 0.022327
290.900000 0.022312
291.000000 0.022046
291.100000 0.021540
291.200000 0.020811
291.300000 0.019886
291.400000 0.018795
291.500000 0.017569
291.600000 0.016238
291.700000 0.014830
291.800000 0.013367
291.900000 0.011868
292.000000 0.010351
292.100000 0.008827
292.200000 0.007311
292.300000 0.005817
292.400000 0.004364
292.500000 0.005006
292.600000 0.006478
292.700000 0.007977
292.800000 0.009485
292.900000 0.010989
293.000000 0.012477
293.100000 0.013933
293.200000 0.015343
293.300000 0.016685
293.400000 0.017937
293.500000 0.019071
293.600000 0.020058
293.700000 0.020868
293.800000 0.021475
293.900000 0.021855
294.000000 0.021994
294.100000 0.021886
294.200000 0.021535
294.300000 0.020953
294.400000 0.020162
294.500000 0.019188
294.600000 0.018061
294.700000 0.016810
294.800000 0.015466
294.900000 0.014052
295.000000 0.012592
295.100000 0.011101
295.200000 0.009596
295.300000 0.008090
295.400000 0.006597
295.500000 0.005132
295.600000 0.003994
295.700000 0.005421
295.800000 0.006889
295.900000 0.008377
296.000000 0.009869
296.100000 0.011352
296.200000 0.012813
296.300000 0.014237
296.400000 0.015607
296.500000 0.016900
296.600000 0.018093
296.700000 0.019158
296.800000 0.020066
296.900000 0.020789
297.000000 0.021303
297.100000 0.021588
297.200000 0.021633
297.300000 0.021436
297.400000 0.021004
297.500000 0.020353
297.600000 0.019505
297.700000 0.018487
297.800000 0.017328
297.900000 0.016057
298.000000 0.014702
298.100000 0.013286
298.200000 0.011829
298.300000 0.010348
298.400000 0.008858
298.500000 0.007371
298.600000 0.005902
298.700000 0.004471
298.800000 0.004404
298.900000 0.005832
299.000000 0.007294
299.100000 0.008769
299.200000 0.010244
299.300000 0.011704
299.400000 0.013137
299.500000 0.014526
299.600000 0.015852
299.700000 0.017093
299.800000 0.018224
299.900000 0.019216
300.000000 0.020043
300.100000 0.020678
300.200000 0.021099
300.300000 0.021291
300.400000 0.021245
300.500000 0.020964
300.600000 0.020457
300.700000 0.019741
300.800000 0.018841
300.900000 0.017784
301.000000 0.016598
301.100000 0.015311
301.200000 0.013948
301.300000 0.012532
301.400000 0.011081
301.500000 0.009611
301.600000 0.008136
301.700000 0.006670
301.800000 0.005229
301.900000 0.003834
302.000000 0.004813
302.100000 0.006240
302.200000 0.007692
302.300000 0.009153
302.400000 0.010609
302.500000 0.012045
302.600000 0.013447
302.700000 0.014797
302.800000 0.016077
302.900000 0.017262
303.000000 0.018327
303.100000 0.019245
303.200000 0.019989
303.300000 0.020536
303.400000 0.020865
303.500000 0.020966
303.600000 0.020833
303.700000 0.020472
303.800000 0.019894
303.900000 0.019120
304.000000 0.018174
304.100000 0.017082
304.200000 0.015873
304.300000 0.014572
304.400000 0.013204
304.500000 0.011790
304.600000 0.010346
304.700000 0.008888
304.800000 0.007431
304.900000 0.005988
305.000000 0.004578
305.100000 0.003837
305.200000 0.005220
305.300000 0.006642
305.400000 0.008084
305.500000 0.009529
305.600000 0.010963
305.700000 0.012372
305.800000 0.013741
305.900000 0.015050
306.000000 0.016280
306.100000 0.017406
306.200000 0.018403
306.300000 0.019244
306.400000 0.019904
306.500000 0.020362
306.600000 0.020601
306.700000 0.020614
306.800000 0.020398
306.900000 0.019962
307.000000 0.019319
307.100000 0.018492
307.200000 0.017503
307.300000 0.016382
307.400000 0.015153
307.500000 0.013842
307.600000 0.012471
307.700000 0.011060
307.800000 0.009625
307.900000 0.008181
308.000000 0.006743
308.100000 0.005326
308.200000 0.003951
308.300000 0.004239
308.400000 0.005623
308.500000 0.007039
308.600000 0.008469
308.700000 0.009896
308.800000 0.011307
308.900000 0.012686
309.000000 0.014018
309.100000 0.015283
309.200000 0.016460
309.300000 0.017524
309.400000 0.018450
309.500000 0.019212
309.600000 0.019788
309.700000 0.020158
309.800000 0.020310
309.900000 0.020237
310.000000 0.019942
310.100000 0.019436
310.200000 0.018733
310.300000 0.017857
310.400000 0.016832
310.500000 0.015684
310.600000 0.014438
310.700000 0.013120
310.800000 0.011748
310.900000 0.010342
311.000000 0.008918
311.100000 0.007490
311.200000 0.006074
311.300000 0.004686
311.400000 0.003350
311.500000 0.004639
311.600000 0.006022
311.700000 0.007430
311.800000 0.008845
311.900000 0.010252
312.000000 0.011637
312.100000 0.012985
312.200000 0.014278
312.300000 0.015496
312.400000 0.016617
312.500000 0.017616
312.600000 0.018469
312.700000 0.019151
312.800000 0.019642
312.900000 0.019925
313.000000 0.019991
313.100000 0.019837
313.200000 0.019468
313.300000 0.018896
313.400000 0.018138
313.500000 0.017218
313.600000 0.016160
313.700000 0.014990
313.800000 0.013731
313.900000 0.012407
314.000000 0.011037
314.100000 0.009638
314.200000 0.008226
314.300000 0.006816
314.400000 0.005424
314.500000 0.004068
314.600000 0.003698
314.700000 0.005038
314.800000 0.006417
314.900000 0.007814
315.000000 0.009212
315.100000 0.010598
315.200000 0.011955
315.300000 0.013268
315.400000 0.014519
315.500000 0.015687
315.600000 0.016749
315.700000 0.017681
315.800000 0.018458
315.900000 0.019060
316.000000 0.019467
316.100000 0.019665
316.200000 0.019648
316.300000 0.019416
316.400000 0.018977
316.500000 0.018344
316.600000 0.017536
316.700000 0.016576
316.800000 0.015490
316.900000 0.014300
317.000000 0.013031
317.100000 0.011704
317.200000 0.010337
317.300000 0.008947
317.400000 0.007550
317.500000 0.006160
317.600000 0.004794
317.700000 0.003475
317.800000 0.004091
317.900000 0.005432
318.000000 0.006805
318.100000 0.008190
318.200000 0.009570
318.300000 0.010931
318.400000 0.012258
318.500000 0.013534
318.600000 0.014740
318.700000 0.015855
318.800000 0.016855
318.900000 0.017717
319.000000 0.018419
319.100000 0.018940
319.200000 0.019263
319.300000 0.019379
319.400000 0.019282
319.500000 0.018976
319.600000 0.018471
319.700000 0.017781
319.800000 0.016928
319.900000 0.015933
320.000000 0.014822
320.100000 0.013616
320.200000 0.012339
320.300000 0.011011
320.400000 0.009650
320.500000 0.008270
320.600000 0.006889
320.700000 0.005521
320.800000 0.004185
320.900000 0.003189
321.000000 0.004483
321.100000 0.005823
321.200000 0.007188
321.300000 0.008557
321.400000 0.009917
321.500000 0.011252
321.600000 0.012546
321.700000 0.013782
321.800000 0.014940
321.900000 0.015999
322.000000 0.016935
322.100000 0.017727
322.200000 0.018351
322.300000 0.018791
322.400000 0.019032
322.500000 0.019067
322.600000 0.018894
322.700000 0.018519
322.800000 0.017952
322.900000 0.017211
323.000000 0.016316
323.100000 0.015290
323.200000 0.014157
323.300000 0.012938
323.400000 0.011656
323.500000 0.010329
323.600000 0.008975
323.700000 0.007608
323.800000 0.006244
323.900000 0.004901
324.000000 0.003599
324.100000 0.003573
324.200000 0.004872
324.300000 0.006209
324.400000 0.007563
324.500000 0.008916
324.600000 0.010253
324.700000 0.011559
324.800000 0.012818
324.900000 0.014011
325.000000 0.015119
325.100000 0.016119
325.200000 0.016989
325.300000 0.017708
325.400000 0.018255
325.500000 0.018615
325.600000 0.018776
325.700000 0.018733
325.800000 0.018487
325.900000 0.018046
326.000000 0.017422
326.100000 0.016634
326.200000 0.015701
326.300000 0.014648
326.400000 0.013496
326.500000 0.012268
326.600000 0.010982
326.700000 0.009659
326.800000 0.008313
326.900000 0.006960
327.000000 0.005617
327.100000 0.004301
327.200000 0.003038
327.300000 0.003958
327.400000 0.005259
327.500000 0.006589
327.600000 0.007930
327.700000 0.009264
327.800000 0.010576
327.900000 0.011851
328.000000 0.013072
328.100000 0.014220
328.200000 0.015274
328.300000 0.016214
328.400000 0.017016
328.500000 0.017661
328.600000 0.018131
328.700000 0.018412
328.800000 0.018495
328.900000 0.018377
329.000000 0.018062
329.100000 0.017559
329.200000 0.016882
329.300000 0.016051
329.400000 0.015085
329.500000 0.014008
329.600000 0.012841
329.700000 0.011605
329.800000 0.010318
329.900000 0.008999
330.000000 0.007664
330.100000 0.006328
330.200000 0.005007
330.300000 0.003723
330.400000 0.003087
330.500000 0.004341
330.600000 0.005641
330.700000 0.006962
330.800000 0.008288
330.900000 0.009601
331.000000 0.010886
331.100000 0.012128
331.200000 0.013308
331.300000 0.014408
331.400000 0.015407
331.500000 0.016283
331.600000 0.017016
331.700000 0.017587
331.800000 0.017980
331.900000 0.018183
332.000000 0.018190
332.100000 0.018001
332.200000 0.017620
332.300000 0.017060
332.400000 0.016335
332.500000 0.015464
332.600000 0.014469
332.700000 0.013371
332.800000 0.012191
332.900000 0.010950
333.000000 0.009664
333.100000 0.008352
333.200000 0.007029
333.300000 0.005711
333.400000 0.004417
333.500000 0.003168
333.600000 0.003462
333.700000 0.004722
333.800000 0.006018
333.900000 0.007328
334.000000 0.008636
334.100000 0.009926
334.200000 0.011182
334.300000 0.012388
334.400000 0.013525
334.500000 0.014574
334.600000 0.015515
334.700000 0.016326
334.800000 0.016990
334.900000 0.017486
335.000000 0.017803
335.100000 0.017930
335.200000 0.017864
335.300000 0.017606
335.400000 0.017164
335.500000 0.016550
335.600000 0.015781
335.700000 0.014875
335.800000 0.013854
335.900000 0.012738
336.000000 0.011548
336.100000 0.010303
336.200000 0.009021
336.300000 0.007718
336.400000 0.006409
336.500000 0.005112
336.600000 0.003847
336.700000 0.002639
336.800000 0.003838
336.900000 0.005099
337.000000 0.006389
337.100000 0.007686
337.200000 0.008975
337.300000 0.010239
337.400000 0.011463
337.500000 0.012630
337.600000 0.013721
337.700000 0.014717
337.800000 0.015598
337.900000 0.016344
338.000000 0.016936
338.100000 0.017359
338.200000 0.017601
338.300000 0.017655
338.400000 0.017518
338.500000 0.017195
338.600000 0.016695
338.700000 0.016032
338.800000 0.015221
338.900000 0.014284
339.000000 0.013240
339.100000 0.012109
339.200000 0.010912
339.300000 0.009666
339.400000 0.008389
339.500000 0.007096
339.600000 0.005804
339.700000 0.004531
339.800000 0.003298
339.900000 0.002996
340.000000 0.004212
340.100000 0.005473
340.200000 0.006753
340.300000 0.008035
340.400000 0.009302
340.500000 0.010538
340.600000 0.011728
340.700000 0.012854
340.800000 0.013897
340.900000 0.014838
341.000000 0.015657
341.100000 0.016336
341.200000 0.016857
341.300000 0.017207
341.400000 0.017375
341.500000 0.017357
341.600000 0.017153
341.700000 0.016769
341.800000 0.016215
341.900000 0.015506
342.000000 0.014659
342.100000 0.013693
342.200000 0.012629
342.300000 0.011486
342.400000 0.010284
342.500000 0.009039
342.600000 0.007768
342.700000 0.006488
342.800000 0.005215
342.900000 0.003968
343.000000 0.002773
343.100000 0.003362
343.200000 0.004584
343.300000 0.005841
343.400000 0.007109
343.500000 0.008373
343.600000 0.009616
343.700000 0.010823
343.800000 0.011976
343.900000 0.013058
344.000000 0.014051
344.100000 0.014935
344.200000 0.015691
344.300000 0.016302
344.400000 0.016752
344.500000 0.017029
344.600000 0.017126
344.700000 0.017039
344.800000 0.016771
344.900000 0.016329
345.000000 0.015725
345.100000 0.014974
345.200000 0.014093
345.300000 0.013103
345.400000 0.012021
345.500000 0.010869
345.600000 0.009663
345.700000 0.008422
345.800000 0.007160
345.900000 0.005895
346.000000 0.004643
346.100000 0.003427
346.200000 0.002558
346.300000 0.003729
346.400000 0.004953
346.500000 0.006202
346.600000 0.007457
346.700000 0.008701
346.800000 0.009918
346.900000 0.011092
347.000000 0.012206
347.100000 0.013242
347.200000 0.014182
347.300000 0.015008
347.400000 0.015700
347.500000 0.016243
347.600000 0.016622
347.700000 0.016828
347.800000 0.016855
347.900000 0.016702
348.000000 0.016373
348.100000 0.015877
348.200000 0.015226
348.300000 0.014437
348.400000 0.013526
348.500000 0.012514
348.600000 0.011418
348.700000 0.010259
348.800000 0.009052
348.900000 0.007815
349.000000 0.006564
349.100000 0.005316
349.200000 0.004089
349.300000 0.002907
349.400000 0.002915
349.500000 0.004095
349.600000 0.005317
349.700000 0.006557
349.800000 0.007796
349.900000 0.009017
350.000000 0.010205
350.100000 0.011344
350.200000 0.012417
350.300000 0.013405
350.400000 0.014291
350.500000 0.015056
350.600000 0.015684
350.700000 0.016159
350.800000 0.016468
350.900000 0.016605
351.000000 0.016565
351.100000 0.016348
351.200000 0.015962
351.300000 0.015415
351.400000 0.014721
351.500000 0.013896
351.600000 0.012959
351.700000 0.011928
351.800000 0.010820
351.900000 0.009656
352.000000 0.008450
352.100000 0.007220
352.200000 0.005982
352.300000 0.004753
352.400000 0.003554
352.500000 0.002411
352.600000 0.003273
352.700000 0.004459
352.800000 0.005676
352.900000 0.006904
353.000000 0.008124
353.100000 0.009321
353.200000 0.010478
353.300000 0.011580
353.400000 0.012609
353.500000 0.013547
353.600000 0.014377
353.700000 0.015081
353.800000 0.015643
353.900000 0.016050
354.000000 0.016291
354.100000 0.016360
354.200000 0.016255
354.300000 0.015978
354.400000 0.015537
354.500000 0.014943
354.600000 0.014209
354.700000 0.013353
354.800000 0.012392
354.900000 0.011345
355.000000 0.010228
355.100000 0.009060
355.200000 0.007858
355.300000 0.006637
355.400000 0.005414
355.500000 0.004207
355.600000 0.003039
355.700000 0.002494
355.800000 0.003631
355.900000 0.004818
356.000000 0.006028
356.100000 0.007242
356.200000 0.008441
356.300000 0.009611
356.400000 0.010735
356.500000 0.011798
356.600000 0.012781
356.700000 0.013667
356.800000 0.014440
356.900000 0.015082
357.000000 0.015579
357.100000 0.015918
357.200000 0.016092
357.300000 0.016095
357.400000 0.015927
357.500000 0.015593
357.600000 0.015101
357.700000 0.014463
357.800000 0.013694
357.900000 0.012809
358.000000 0.011827
358.100000 0.010766
358.200000 0.009642
358.300000 0.008474
358.400000 0.007276
358.500000 0.006066
358.600000 0.004860
358.700000 0.003679
358.800000 0.002547
358.900000 0.002843
359.000000 0.003989
359.100000 0.005173
359.200000 0.006373
359.300000 0.007570
359.400000 0.008746
359.500000 0.009887
359.600000 0.010976
359.700000 0.011997
359.800000 0.012932
359.900000 0.013765
360.000000 0.014479
360.100000 0.015059
360.200000 0.015490
360.300000 0.015763
360.400000 0.015871
360.500000 0.015810
360.600000 0.015583
360.700000 0.015195
360.800000 0.014656
360.900000 0.013977
361.000000 0.013174
361.100000 0.012264
361.200000 0.011264
361.300000 0.010192
361.400000 0.009064
361.500000 0.007896
361.600000 0.006706
361.700000 0.005509
361.800000 0.004323
361.900000 0.003170
362.000000 0.002101
362.100000 0.003193
362.200000 0.004343
362.300000 0.005523
362.400000 0.006710
362.500000 0.007887
362.600000 0.009039
362.700000 0.010148
362.800000 0.011199
362.900000 0.012177
363.000000 0.013063
363.100000 0.013841
363.200000 0.014495
363.300000 0.015012
363.400000 0.015379
363.500000 0.015586
363.600000 0.015630
363.700000 0.015508
363.800000 0.015225
363.900000 0.014785
364.000000 0.014201
364.100000 0.013485
364.200000 0.012653
364.300000 0.011720
364.400000 0.010705
364.500000 0.009623
364.600000 0.008492
364.700000 0.007328
364.800000 0.006147
364.900000 0.004965
365.000000 0.003802
365.100000 0.002682
365.200000 0.002438
365.300000 0.003543
365.400000 0.004694
365.500000 0.005865
365.600000 0.007037
365.700000 0.008193
365.800000 0.009317
365.900000 0.010393
366.000000 0.011405
366.100000 0.012337
366.200000 0.013172
366.300000 0.013894
366.400000 0.014488
366.500000 0.014942
366.600000 0.015245
366.700000 0.015389
366.800000 0.015370
366.900000 0.015190
367.000000 0.014852
367.100000 0.014365
367.200000 0.013739
367.300000 0.012989
367.400000 0.012130
367.500000 0.011177
367.600000 0.010149
367.700000 0.009061
367.800000 0.007929
367.900000 0.006770
368.000000 0.005600
368.100000 0.004436
368.200000 0.003299
368.300000 0.002216
368.400000 0.002779
368.500000 0.003891
368.600000 0.005039
368.700000 0.006200
368.800000 0.007355
368.900000 0.008487
369.000000 0.009581
369.100000 0.010622
369.200000 0.011592
369.300000 0.012476
369.400000 0.013259
369.500000 0.013924
369.600000 0.014459
369.700000 0.014850
369.800000 0.015089
369.900000 0.015171
370.000000 0.015092
370.100000 0.014856
370.200000 0.014467
370.300000 0.013935
370.400000 0.013272
370.500000 0.012490
370.600000 0.011607
370.700000 0.010637
370.800000 0.009598
370.900000 0.008505
371.000000 0.007375
371.100000 0.006223
371.200000 0.005066
371.300000 0.003922
371.400000 0.002815
371.500000 0.002060
371.600000 0.003120
371.700000 0.004237
371.800000 0.005379
371.900000 0.006527
372.000000 0.007662
372.100000 0.008768
372.200000 0.009830
372.300000 0.010833
372.400000 0.011760
372.500000 0.012596
372.600000 0.013325
372.700000 0.013933
372.800000 0.014407
372.900000 0.014736
373.000000 0.014913
373.100000 0.014934
373.200000 0.014798
373.300000 0.014508
373.400000 0.014072
373.500000 0.013498
373.600000 0.012799
373.700000 0.011989
373.800000 0.011084
373.900000 0.010099
374.000000 0.009052
374.100000 0.007956
374.200000 0.006829
374.300000 0.005687
374.400000 0.004545
374.500000 0.003426
374.600000 0.002353
374.700000 0.002389
374.800000 0.003462
374.900000 0.004578
375.000000 0.005712
375.100000 0.006844
375.200000 0.007957
375.300000 0.009035
375.400000 0.010063
375.500000 0.011026
375.600000 0.011908
375.700000 0.012694
375.800000 0.013369
375.900000 0.013919
376.000000 0.014332
376.100000 0.014601
376.200000 0.014717
376.300000 0.014680
376.400000 0.014488
376.500000 0.014148
376.600000 0.013666
376.700000 0.013053
376.800000 0.012322
376.900000 0.011486
377.000000 0.010562
377.100000 0.009566
377.200000 0.008511
377.300000 0.007416
377.400000 0.006294
377.500000 0.005163
377.600000 0.004040
377.700000 0.002947
377.800000 0.001914
377.900000 0.002722
378.000000 0.003802
378.100000 0.004914
378.200000 0.006037
378.300000 0.007150
378.400000 0.008239
378.500000 0.009287
378.600000 0.010280
378.700000 0.011201
378.800000 0.012037
378.900000 0.012771
379.000000 0.013391
379.100000 0.013883
379.200000 0.014237
379.300000 0.014445
379.400000 0.014503
379.500000 0.014408
379.600000 0.014164
379.700000 0.013776
379.800000 0.013251
379.900000 0.012602
380.000000 0.011842
380.100000 0.010983
380.200000 0.010043
380.300000 0.009036
380.400000 0.007978
380.500000 0.006884
380.600000 0.005769
380.700000 0.004652
380.800000 0.003550
380.900000 0.002488
381.000000 0.002024
381.100000 0.003055
381.200000 0.004138
381.300000 0.005244
381.400000 0.006353
381.500000 0.007446
381.600000 0.008508
381.700000 0.009524
381.800000 0.010479
381.900000 0.011358
382.000000 0.012145
382.100000 0.012828
382.200000 0.013392
382.300000 0.013826
382.400000 0.014121
382.500000 0.014270
382.600000 0.014270
382.700000 0.014122
382.800000 0.013827
382.900000 0.013393
383.000000 0.012829
383.100000 0.012147
383.200000 0.011360
383.300000 0.010481
383.400000 0.009527
383.500000 0.008512
383.600000 0.007451
383.700000 0.006360
383.800000 0.005255
383.900000 0.004154
384.000000 0.003077
384.100000 0.002051
384.200000 0.002346
384.300000 0.003388
384.400000 0.004470
384.500000 0.005567
384.600000 0.006659
384.700000 0.007729
384.800000 0.008763
384.900000 0.009745
385.000000 0.010661
385.100000 0.011495
385.200000 0.012234
385.300000 0.012863
385.400000 0.013371
385.500000 0.013748
385.600000 0.013984
385.700000 0.014076
385.800000 0.014021
385.900000 0.013820
386.000000 0.013478
386.100000 0.013001
386.200000 0.012401
386.300000 0.011688
386.400000 0.010876
386.500000 0.009980
386.600000 0.009014
386.700000 0.007993
386.800000 0.006932
386.900000 0.005847
387.000000 0.004754
387.100000 0.003671
387.200000 0.002622
387.300000 0.001684
387.400000 0.002671
387.500000 0.003719
387.600000 0.004797
387.700000 0.005881
387.800000 0.006955
387.900000 0.008000
388.000000 0.009004
388.100000 0.009950
388.200000 0.010824
388.300000 0.011613
388.400000 0.012301
388.500000 0.012878
388.600000 0.013330
388.700000 0.013649
388.800000 0.013829
388.900000 0.013865
389.000000 0.013756
389.100000 0.013505
389.200000 0.013118
389.300000 0.012602
389.400000 0.011967
389.500000 0.011226
389.600000 0.010393
389.700000 0.009481
389.800000 0.008505
389.900000 0.007480
390.000000 0.006421
390.100000 0.005343
390.200000 0.004264
390.300000 0.003203
390.400000 0.002186
390.500000 0.001994
390.600000 0.002996
390.700000 0.004046
390.800000 0.005117
390.900000 0.006187
391.000000 0.007239
391.100000 0.008258
391.200000 0.009229
391.300000 0.010137
391.400000 0.010969
391.500000 0.011711
391.600000 0.012349
391.700000 0.012871
391.800000 0.013268
391.900000 0.013531
392.000000 0.013655
392.100000 0.013637
392.200000 0.013477
392.300000 0.013178
392.400000 0.012748
392.500000 0.012195
392.600000 0.011529
392.700000 0.010763
392.800000 0.009910
392.900000 0.008985
393.000000 0.008001
393.100000 0.006974
393.200000 0.005919
393.300000 0.004851
393.400000 0.003788
393.500000 0.002753
393.600000 0.001774
393.700000 0.002308
393.800000 0.003321
393.900000 0.004369
394.000000 0.005429
394.100000 0.006482
394.200000 0.007511
394.300000 0.008501
394.400000 0.009438
394.500000 0.010308
394.600000 0.011096
394.700000 0.011789
394.800000 0.012376
394.900000 0.012845
395.000000 0.013187
395.100000 0.013395
395.200000 0.013464
395.300000 0.013393
395.400000 0.013184
395.500000 0.012840
395.600000 0.012370
395.700000 0.011782
395.800000 0.011087
395.900000 0.010298
396.000000 0.009428
396.100000 0.008492
396.200000 0.007503
396.300000 0.006476
396.400000 0.005426
396.500000 0.004370
396.600000 0.003327
396.700000 0.002321
396.800000 0.001665
396.900000 0.002625
397.000000 0.003643
397.100000 0.004686
397.200000 0.005733
397.300000 0.006767
397.400000 0.007771
397.500000 0.008730
397.600000 0.009631
397.700000 0.010460
397.800000 0.011203
397.900000 0.011848
398.000000 0.012384
398.100000 0.012799
398.200000 0.013086
398.300000 0.013239
398.400000 0.013256
398.500000 0.013134
398.600000 0.012878
398.700000 0.012492
398.800000 0.011984
398.900000 0.011363
399.000000 0.010642
399.100000 0.009833
399.200000 0.008949
399.300000 0.008003
399.400000 0.007011
399.500000 0.005986
399.600000 0.004944
399.700000 0.003902
399.800000 0.002882
399.900000 0.001909
400.000000 0.001968
400.100000 0.002943
400.200000 0.003961
400.300000 0.004996
400.400000 0.006028
400.500000 0.007040
400.600000 0.008016
400.700000 0.008943
400.800000 0.009807
400.900000 0.010594
401.000000 0.011292
401.100000 0.011888
401.200000 0.012371
401.300000 0.012733
401.400000 0.012967
401.500000 0.013067
401.600000 0.013032
401.700000 0.012862
401.800000 0.012561
401.900000 0.012134
402.000000 0.011591
402.100000 0.010941
402.200000 0.010196
402.300000 0.009369
402.400000 0.008472
402.500000 0.007519
402.600000 0.006525
402.700000 0.005504
402.800000 0.004472
402.900000 0.003447
403.000000 0.002453
403.100000 0.001520
403.200000 0.002275
403.300000 0.003258
403.400000 0.004274
403.500000 0.005298
403.600000 0.006313
403.700000 0.007301
403.800000 0.008248
403.900000 0.009141
404.000000 0.009966
404.100000 0.010710
404.200000 0.011361
404.300000 0.011907
404.400000 0.012339
404.500000 0.012649
404.600000 0.012830
404.700000 0.012878
404.800000 0.012793
404.900000 0.012577
405.000000 0.012233
405.100000 0.011769
405.200000 0.011193
405.300000 0.010516
405.400000 0.009749
405.500000 0.008905
405.600000 0.007998
405.700000 0.007040
405.800000 0.006046
405.900000 0.005031
406.000000 0.004012
406.100000 0.003007
406.200000 0.002043
406.300000 0.001650
406.400000 0.002584
406.500000 0.003572
406.600000 0.004581
406.700000 0.005592
406.800000 0.006586
406.900000 0.007548
407.000000 0.008465
407.100000 0.009322
407.200000 0.010107
407.300000 0.010807
407.400000 0.011411
407.500000 0.011908
407.600000 0.012289
407.700000 0.012546
407.800000 0.012675
407.900000 0.012673
408.000000 0.012541
408.100000 0.012280
408.200000 0.011896
408.300000 0.011396
408.400000 0.010790
408.500000 0.010088
408.600000 0.009302
408.700000 0.008444
408.800000 0.007528
408.900000 0.006567
409.000000 0.005576
409.100000 0.004569
409.200000 0.003564
409.300000 0.002583
409.400000 0.001654
409.500000 0.001946
409.600000 0.002894
409.700000 0.003881
409.800000 0.004881
409.900000 0.005876
410.000000 0.006848
410.100000 0.007783
410.200000 0.008667
410.300000 0.009487
410.400000 0.010231
410.500000 0.010887
410.600000 0.011443
410.700000 0.011890
410.800000 0.012220
410.900000 0.012426
411.000000 0.012504
411.100000 0.012454
411.200000 0.012275
411.300000 0.011972
411.400000 0.011550
411.500000 0.011017
411.600000 0.010383
411.700000 0.009659
411.800000 0.008855
411.900000 0.007986
412.000000 0.007063
412.100000 0.006101
412.200000 0.005113
412.300000 0.004117
412.400000 0.003130
412.500000 0.002175
412.600000 0.001353
412.700000 0.002246
412.800000 0.003201
412.900000 0.004184
413.000000 0.005173
413.100000 0.006149
413.200000 0.007097
413.300000 0.008003
413.400000 0.008853
413.500000 0.009635
413.600000 0.010337
413.700000 0.010947
413.800000 0.011456
413.900000 0.011853
414.000000 0.012132
414.100000 0.012288
414.200000 0.012318
414.300000 0.012220
414.400000 0.011998
414.500000 0.011655
414.600000 0.011197
414.700000 0.010633
414.800000 0.009974
414.900000 0.009228
415.000000 0.008410
415.100000 0.007530
415.200000 0.006603
415.300000 0.005641
415.400000 0.004660
415.500000 0.003676
415.600000 0.002710
415.700000 0.001787
415.800000 0.001638
415.900000 0.002548
416.000000 0.003505
416.100000 0.004481
416.200000 0.005456
416.300000 0.006412
416.400000 0.007334
416.500000 0.008208
416.600000 0.009023
416.700000 0.009766
416.800000 0.010425
416.900000 0.010990
417.000000 0.011450
417.100000 0.011798
417.200000 0.012028
417.300000 0.012135
417.400000 0.012117
417.500000 0.011974
417.600000 0.011710
417.700000 0.011328
417.800000 0.010837
417.900000 0.010245
418.000000 0.009562
418.100000 0.008798
418.200000 0.007966
418.300000 0.007079
418.400000 0.006149
418.500000 0.005190
418.600000 0.004217
418.700000 0.003248
418.800000 0.002305
418.900000 0.001420
419.000000 0.001928
419.100000 0.002848
419.200000 0.003805
419.300000 0.004771
419.400000 0.005729
419.500000 0.006662
419.600000 0.007556
419.700000 0.008399
419.800000 0.009177
419.900000 0.009880
420.000000 0.010495
420.100000 0.011014
420.200000 0.011427
420.300000 0.011726
420.400000 0.011907
420.500000 0.011966
420.600000 0.011902
420.700000 0.011716
420.800000 0.011411
420.900000 0.010994
421.000000 0.010472
421.100000 0.009853
421.200000 0.009148
421.300000 0.008368
421.400000 0.007525
421.500000 0.006632
421.600000 0.005701
421.700000 0.004746
421.800000 0.003784
421.900000 0.002833
422.000000 0.001919
422.100000 0.001350
422.200000 0.002221
422.300000 0.003147
422.400000 0.004099
422.500000 0.005053
422.600000 0.005992
422.700000 0.006900
422.800000 0.007765
422.900000 0.008574
423.000000 0.009315
423.100000 0.009976
423.200000 0.010548
423.300000 0.011020
423.400000 0.011385
423.500000 0.011637
423.600000 0.011770
423.700000 0.011782
423.800000 0.011674
423.900000 0.011446
424.000000 0.011104
424.100000 0.010653
424.200000 0.010101
424.300000 0.009458
424.400000 0.008734
424.500000 0.007940
424.600000 0.007088
424.700000 0.006190
424.800000 0.005260
424.900000 0.004312
425.000000 0.003362
425.100000 0.002433
425.200000 0.001552
425.300000 0.001629
425.400000 0.002514
425.500000 0.003442
425.600000 0.004386
425.700000 0.005325
425.800000 0.006243
425.900000 0.007125
426.000000 0.007960
426.100000 0.008734
426.200000 0.009436
426.300000 0.010055
426.400000 0.010583
426.500000 0.011009
426.600000 0.011327
426.700000 0.011531
426.800000 0.011617
426.900000 0.011585
427.000000 0.011433
427.100000 0.011166
427.200000 0.010788
427.300000 0.010305
427.400000 0.009727
427.500000 0.009061
427.600000 0.008320
427.700000 0.007514
427.800000 0.006654
427.900000 0.005754
428.000000 0.004826
428.100000 0.003887
428.200000 0.002953
428.300000 0.002049
428.400000 0.001206
428.500000 0.001912
428.600000 0.002807
428.700000 0.003733
428.800000 0.004666
428.900000 0.005587
429.000000 0.006482
429.100000 0.007337
429.200000 0.008139
429.300000 0.008877
429.400000 0.009540
429.500000 0.010117
429.600000 0.010600
429.700000 0.010981
429.800000 0.011252
429.900000 0.011410
430.000000 0.011450
430.100000 0.011374
430.200000 0.011181
430.300000 0.010876
430.400000 0.010464
430.500000 0.009952
430.600000 0.009349
430.700000 0.008663
430.800000 0.007907
430.900000 0.007090
431.000000 0.006224
431.100000 0.005323
431.200000 0.004401
431.300000 0.003472
431.400000 0.002557
431.500000 0.001682
431.600000 0.001350
431.700000 0.002198
431.800000 0.003097
431.900000 0.004017
432.000000 0.004937
432.100000 0.005839
432.200000 0.006709
432.300000 0.007534
432.400000 0.008303
432.500000 0.009004
432.600000 0.009627
432.700000 0.010162
432.800000 0.010601
432.900000 0.010936
433.000000 0.011161
433.100000 0.011273
433.200000 0.011269
433.300000 0.011151
433.400000 0.010919
433.500000 0.010578
433.600000 0.010135
433.700000 0.009595
433.800000 0.008969
433.900000 0.008265
434.000000 0.007495
434.100000 0.006669
434.200000 0.005800
434.300000 0.004900
434.400000 0.003984
434.500000 0.003069
434.600000 0.002176
434.700000 0.001335
434.800000 0.001622
434.900000 0.002484
435.000000 0.003383
435.100000 0.004295
435.200000 0.005198
435.300000 0.006079
435.400000 0.006923
435.500000 0.007718
435.600000 0.008452
435.700000 0.009116
435.800000 0.009698
435.900000 0.010190
436.000000 0.010584
436.100000 0.010874
436.200000 0.011054
436.300000 0.011122
436.400000 0.011076
436.500000 0.010916
436.600000 0.010647
436.700000 0.010273
436.800000 0.009799
436.900000 0.009234
437.000000 0.008586
437.100000 0.007866
437.200000 0.007084
437.300000 0.006252
437.400000 0.005381
437.500000 0.004484
437.600000 0.003577
437.700000 0.002678
437.800000 0.001811
437.900000 0.001091
438.000000 0.001899
438.100000 0.002768
438.200000 0.003664
438.300000 0.004564
438.400000 0.005450
438.500000 0.006307
438.600000 0.007123
438.700000 0.007887
438.800000 0.008586
438.900000 0.009211
439.000000 0.009752
439.100000 0.010201
439.200000 0.010552
439.300000 0.010797
439.400000 0.010932
439.500000 0.010957
439.600000 0.010869
439.700000 0.010671
439.800000 0.010366
439.900000 0.009960
440.000000 0.009458
440.100000 0.008870
440.200000 0.008203
440.300000 0.007469
440.400000 0.006677
440.500000 0.005839
440.600000 0.004968
440.700000 0.004076
440.800000 0.003180
440.900000 0.002300
441.000000 0.001464
441.100000 0.001352
441.200000 0.002177
441.300000 0.003049
441.400000 0.003939
441.500000 0.004825
441.600000 0.005691
441.700000 0.006523
441.800000 0.007310
441.900000 0.008040
442.000000 0.008703
442.100000 0.009290
442.200000 0.009790
442.300000 0.010196
442.400000 0.010503
442.500000 0.010704
442.600000 0.010796
442.700000 0.010779
442.800000 0.010651
442.900000 0.010416
443.000000 0.010078
443.100000 0.009641
443.200000 0.009113
443.300000 0.008503
443.400000 0.007819
443.500000 0.007072
443.600000 0.006272
443.700000 0.005431
443.800000 0.004561
443.900000 0.003677
444.000000 0.002795
444.100000 0.001938
444.200000 0.001138
