Graphic of Mass loss for Mu=0.100 C=1.000 Gamma=1.400
0.000000 0.000000
0.100000 0.000021
0.200000 0.000035
0.300000 0.000047
0.400000 0.000059
0.500000 0.000070
0.600000 0.000079
0.700000 0.000087
0.800000 0.000093
0.900000 0.000099
1.000000 0.000105
1.100000 0.000110
1.200000 0.000115
1.300000 0.000120
1.400000 0.000125
1.500000 0.000129
1.600000 0.000133
1.700000 0.000137
1.800000 0.000141
1.900000 0.000145
2.000000 0.000149
2.100000 0.000152
2.200000 0.000155
2.300000 0.000158
2.400000 0.000161
2.500000 0.000162
2.600000 0.000160
2.700000 0.000150
2.800000 0.000126
2.900000 0.000072
3.000000 -0.000026
3.100000 -0.000171
3.200000 -0.000321
3.300000 -0.000415
3.400000 -0.000442
3.500000 -0.000425
3.600000 -0.000388
3.700000 -0.000344
3.800000 -0.000297
3.900000 -0.000251
4.000000 -0.000206
4.100000 -0.000164
4.200000 -0.000124
4.300000 -0.000086
4.400000 -0.000051
4.500000 -0.000018
4.600000 0.000012
4.700000 0.000040
4.800000 0.000066
4.900000 0.000089
5.000000 0.000110
5.100000 0.000129
5.200000 0.000146
5.300000 0.000161
5.400000 0.000175
5.500000 0.000186
5.600000 0.000196
5.700000 0.000205
5.800000 0.000212
5.900000 0.000218
6.000000 0.000224
6.100000 0.000228
6.200000 0.000231
6.300000 0.000234
6.400000 0.000237
6.500000 0.000239
6.600000 0.000241
6.700000 0.000243
6.800000 0.000245
6.900000 0.000247
7.000000 0.000248
7.100000 0.000248
7.200000 0.000249
7.300000 0.000249
7.400000 0.000249
7.500000 0.000250
7.600000 0.000250
7.700000 0.000250
7.800000 0.000251
7.900000 0.000251
8.000000 0.000252
8.100000 0.000252
8.200000 0.000253
8.300000 0.000253
8.400000 0.000254
8.500000 0.000255
8.600000 0.000255
8.700000 0.000256
8.800000 0.000257
8.900000 0.000257
9.000000 0.000258
9.100000 0.000259
9.200000 0.000259
9.300000 0.000260
9.400000 0.000260
9.500000 0.000260
9.600000 0.000259
9.700000 0.000258
9.800000 0.000256
9.900000 0.000251
10.000000 0.000244
10.100000 0.000232
10.200000 0.000213
10.300000 0.000185
10.400000 0.000148
10.500000 0.000101
10.600000 0.000050
10.700000 0.000001
10.800000 -0.000039
10.900000 -0.000068
11.000000 -0.000083
11.100000 -0.000088
11.200000 -0.000086
11.300000 -0.000078
11.400000 -0.000067
11.500000 -0.000055
11.600000 -0.000041
11.700000 -0.000027
11.800000 -0.000013
11.900000 0.000001
12.000000 0.000015
12.100000 0.000028
12.200000 0.000042
12.300000 0.000055
12.400000 0.000068
12.500000 0.000080
12.600000 0.000092
12.700000 0.000104
12.800000 0.000115
12.900000 0.000126
13.000000 0.000137
13.100000 0.000147
13.200000 0.000157
13.300000 0.000166
13.400000 0.000175
13.500000 0.000184
13.600000 0.000192
13.700000 0.000200
13.800000 0.000208
13.900000 0.000215
14.000000 0.000222
14.100000 0.000228
14.200000 0.000234
14.300000 0.000240
14.400000 0.000245
14.500000 0.000251
14.600000 0.000255
14.700000 0.000259
14.800000 0.000263
14.900000 0.000267
15.000000 0.000270
15.100000 0.000272
15.200000 0.000275
15.300000 0.000277
15.400000 0.000279
15.500000 0.000280
15.600000 0.000282
15.700000 0.000283
15.800000 0.000284
15.900000 0.000285
16.000000 0.000286
16.100000 0.000287
16.200000 0.000287
16.300000 0.000288
16.400000 0.000288
16.500000 0.000289
16.600000 0.000289
16.700000 0.000289
16.800000 0.000289
16.900000 0.000289
17.000000 0.000289
17.100000 0.000289
17.200000 0.000289
17.300000 0.000288
17.400000 0.000286
17.500000 0.000284
17.600000 0.000280
17.700000 0.000274
17.800000 0.000267
17.900000 0.000256
18.000000 0.000242
18.100000 0.000224
18.200000 0.000201
18.300000 0.000175
18.400000 0.000147
18.500000 0.000118
18.600000 0.000091
18.700000 0.000068
18.800000 0.000050
18.900000 0.000037
19.000000 0.000029
19.100000 0.000026
19.200000 0.000026
19.300000 0.000028
19.400000 0.000033
19.500000 0.000038
19.600000 0.000045
19.700000 0.000052
19.800000 0.000059
19.900000 0.000067
20.000000 0.000075
20.100000 0.000083
20.200000 0.000091
20.300000 0.000098
20.400000 0.000106
20.500000 0.000114
20.600000 0.000121
20.700000 0.000129
20.800000 0.000136
20.900000 0.000143
21.000000 0.000150
21.100000 0.000157
21.200000 0.000164
21.300000 0.000170
21.400000 0.000177
21.500000 0.000183
21.600000 0.000189
21.700000 0.000195
21.800000 0.000201
21.900000 0.000207
22.000000 0.000213
22.100000 0.000218
22.200000 0.000223
22.300000 0.000229
22.400000 0.000234
22.500000 0.000238
22.600000 0.000243
22.700000 0.000247
22.800000 0.000252
22.900000 0.000256
23.000000 0.000259
23.100000 0.000263
23.200000 0.000266
23.300000 0.000270
23.400000 0.000273
23.500000 0.000276
23.600000 0.000278
23.700000 0.000281
23.800000 0.000283
23.900000 0.000286
24.000000 0.000288
24.100000 0.000290
24.200000 0.000291
24.300000 0.000293
24.400000 0.000294
24.500000 0.000296
24.600000 0.000297
24.700000 0.000298
24.800000 0.000298
24.900000 0.000299
25.000000 0.000299
25.100000 0.000299
25.200000 0.000299
25.300000 0.000297
25.400000 0.000296
25.500000 0.000293
25.600000 0.000289
25.700000 0.000284
25.800000 0.000277
25.900000 0.000268
26.000000 0.000256
26.100000 0.000243
26.200000 0.000227
26.300000 0.000209
26.400000 0.000189
26.500000 0.000170
26.600000 0.000150
26.700000 0.000133
26.800000 0.000118
26.900000 0.000106
27.000000 0.000096
27.100000 0.000090
27.200000 0.000086
27.300000 0.000085
27.400000 0.000085
27.500000 0.000087
27.600000 0.000089
27.700000 0.000093
27.800000 0.000097
27.900000 0.000101
28.000000 0.000106
28.100000 0.000111
28.200000 0.000116
28.300000 0.000121
28.400000 0.000127
28.500000 0.000132
28.600000 0.000137
28.700000 0.000143
28.800000 0.000148
28.900000 0.000153
29.000000 0.000159
29.100000 0.000164
29.200000 0.000169
29.300000 0.000174
29.400000 0.000179
29.500000 0.000184
29.600000 0.000189
29.700000 0.000193
29.800000 0.000198
29.900000 0.000203
30.000000 0.000207
30.100000 0.000212
30.200000 0.000216
30.300000 0.000220
30.400000 0.000225
30.500000 0.000229
30.600000 0.000233
30.700000 0.000237
30.800000 0.000241
30.900000 0.000244
31.000000 0.000248
31.100000 0.000251
31.200000 0.000255
31.300000 0.000258
31.400000 0.000261
31.500000 0.000264
31.600000 0.000267
31.700000 0.000270
31.800000 0.000273
31.900000 0.000276
32.000000 0.000278
32.100000 0.000281
32.200000 0.000283
32.300000 0.000285
32.400000 0.000287
32.500000 0.000289
32.600000 0.000291
32.700000 0.000293
32.800000 0.000294
32.900000 0.000295
33.000000 0.000296
33.100000 0.000297
33.200000 0.000297
33.300000 0.000297
33.400000 0.000296
33.500000 0.000295
33.600000 0.000293
33.700000 0.000289
33.800000 0.000285
33.900000 0.000279
34.000000 0.000272
34.100000 0.000264
34.200000 0.000253
34.300000 0.000241
34.400000 0.000228
34.500000 0.000214
34.600000 0.000200
34.700000 0.000185
34.800000 0.000172
34.900000 0.000159
35.000000 0.000148
35.100000 0.000140
35.200000 0.000133
35.300000 0.000127
35.400000 0.000124
35.500000 0.000122
35.600000 0.000121
35.700000 0.000122
35.800000 0.000123
35.900000 0.000125
36.000000 0.000127
36.100000 0.000130
36.200000 0.000134
36.300000 0.000137
36.400000 0.000141
36.500000 0.000144
36.600000 0.000148
36.700000 0.000152
36.800000 0.000156
36.900000 0.000160
37.000000 0.000164
37.100000 0.000168
37.200000 0.000172
37.300000 0.000176
37.400000 0.000180
37.500000 0.000184
37.600000 0.000188
37.700000 0.000192
37.800000 0.000196
37.900000 0.000200
38.000000 0.000203
38.100000 0.000207
38.200000 0.000211
38.300000 0.000215
38.400000 0.000218
38.500000 0.000222
38.600000 0.000225
38.700000 0.000229
38.800000 0.000232
38.900000 0.000235
39.000000 0.000239
39.100000 0.000242
39.200000 0.000245
39.300000 0.000248
39.400000 0.000251
39.500000 0.000254
39.600000 0.000257
39.700000 0.000260
39.800000 0.000262
39.900000 0.000265
40.000000 0.000268
40.100000 0.000270
40.200000 0.000272
40.300000 0.000275
40.400000 0.000277
40.500000 0.000279
40.600000 0.000281
40.700000 0.000283
40.800000 0.000285
40.900000 0.000286
41.000000 0.000288
41.100000 0.000289
41.200000 0.000290
41.300000 0.000290
41.400000 0.000291
41.500000 0.000290
41.600000 0.000290
41.700000 0.000288
41.800000 0.000286
41.900000 0.000283
42.000000 0.000279
42.100000 0.000275
42.200000 0.000269
42.300000 0.000262
42.400000 0.000253
42.500000 0.000244
42.600000 0.000234
42.700000 0.000224
42.800000 0.000213
42.900000 0.000202
43.000000 0.000192
43.100000 0.000182
43.200000 0.000173
43.300000 0.000166
43.400000 0.000160
43.500000 0.000155
43.600000 0.000151
43.700000 0.000149
43.800000 0.000147
43.900000 0.000146
44.000000 0.000147
44.100000 0.000147
44.200000 0.000149
44.300000 0.000150
44.400000 0.000152
44.500000 0.000155
44.600000 0.000157
44.700000 0.000160
44.800000 0.000163
44.900000 0.000166
45.000000 0.000169
45.100000 0.000172
45.200000 0.000175
45.300000 0.000178
45.400000 0.000182
45.500000 0.000185
45.600000 0.000188
45.700000 0.000191
45.800000 0.000194
45.900000 0.000198
46.000000 0.000201
46.100000 0.000204
46.200000 0.000207
46.300000 0.000210
46.400000 0.000213
46.500000 0.000216
46.600000 0.000219
46.700000 0.000222
46.800000 0.000225
46.900000 0.000228
47.000000 0.000231
47.100000 0.000234
47.200000 0.000237
47.300000 0.000240
47.400000 0.000242
47.500000 0.000245
47.600000 0.000248
47.700000 0.000250
47.800000 0.000253
47.900000 0.000255
48.000000 0.000258
48.100000 0.000260
48.200000 0.000262
48.300000 0.000265
48.400000 0.000267
48.500000 0.000269
48.600000 0.000271
48.700000 0.000273
48.800000 0.000275
48.900000 0.000277
49.000000 0.000278
49.100000 0.000280
49.200000 0.000281
49.300000 0.000282
49.400000 0.000283
49.500000 0.000283
49.600000 0.000283
49.700000 0.000283
49.800000 0.000282
49.900000 0.000281
50.000000 0.000279
50.100000 0.000277
50.200000 0.000274
50.300000 0.000270
50.400000 0.000266
50.500000 0.000260
50.600000 0.000254
50.700000 0.000247
50.800000 0.000239
50.900000 0.000231
51.000000 0.000223
51.100000 0.000215
51.200000 0.000207
51.300000 0.000199
51.400000 0.000192
51.500000 0.000186
51.600000 0.000180
51.700000 0.000175
51.800000 0.000171
51.900000 0.000169
52.000000 0.000166
52.100000 0.000165
52.200000 0.000164
52.300000 0.000164
52.400000 0.000164
52.500000 0.000165
52.600000 0.000166
52.700000 0.000168
52.800000 0.000170
52.900000 0.000172
53.000000 0.000174
53.100000 0.000176
53.200000 0.000178
53.300000 0.000181
53.400000 0.000183
53.500000 0.000186
53.600000 0.000188
53.700000 0.000191
53.800000 0.000194
53.900000 0.000196
54.000000 0.000199
54.100000 0.000202
54.200000 0.000204
54.300000 0.000207
54.400000 0.000210
54.500000 0.000212
54.600000 0.000215
54.700000 0.000217
54.800000 0.000220
54.900000 0.000223
55.000000 0.000225
55.100000 0.000228
55.200000 0.000230
55.300000 0.000233
55.400000 0.000235
55.500000 0.000238
55.600000 0.000240
55.700000 0.000242
55.800000 0.000245
55.900000 0.000247
56.000000 0.000249
56.100000 0.000252
56.200000 0.000254
56.300000 0.000256
56.400000 0.000258
56.500000 0.000260
56.600000 0.000262
56.700000 0.000264
56.800000 0.000266
56.900000 0.000267
57.000000 0.000269
57.100000 0.000270
57.200000 0.000272
57.300000 0.000273
57.400000 0.000274
57.500000 0.000275
57.600000 0.000276
57.700000 0.000276
57.800000 0.000276
57.900000 0.000276
58.000000 0.000276
58.100000 0.000275
58.200000 0.000273
58.300000 0.000271
58.400000 0.000269
58.500000 0.000266
58.600000 0.000262
58.700000 0.000258
58.800000 0.000254
58.900000 0.000248
59.000000 0.000243
59.100000 0.000237
59.200000 0.000230
59.300000 0.000224
59.400000 0.000218
59.500000 0.000212
59.600000 0.000206
59.700000 0.000200
59.800000 0.000195
59.900000 0.000191
60.000000 0.000187
60.100000 0.000184
60.200000 0.000182
60.300000 0.000180
60.400000 0.000178
60.500000 0.000178
60.600000 0.000177
60.700000 0.000177
60.800000 0.000178
60.900000 0.000178
61.000000 0.000179
61.100000 0.000181
61.200000 0.000182
61.300000 0.000184
61.400000 0.000186
61.500000 0.000187
61.600000 0.000189
61.700000 0.000191
61.800000 0.000193
61.900000 0.000196
62.000000 0.000198
62.100000 0.000200
62.200000 0.000202
62.300000 0.000204
62.400000 0.000207
62.500000 0.000209
62.600000 0.000211
62.700000 0.000214
62.800000 0.000216
62.900000 0.000218
63.000000 0.000220
63.100000 0.000223
63.200000 0.000225
63.300000 0.000227
63.400000 0.000229
63.500000 0.000232
63.600000 0.000234
63.700000 0.000236
63.800000 0.000238
63.900000 0.000240
64.000000 0.000242
64.100000 0.000244
64.200000 0.000246
64.300000 0.000248
64.400000 0.000250
64.500000 0.000252
64.600000 0.000254
64.700000 0.000256
64.800000 0.000257
64.900000 0.000259
65.000000 0.000261
65.100000 0.000262
65.200000 0.000264
65.300000 0.000265
65.400000 0.000266
65.500000 0.000267
65.600000 0.000268
65.700000 0.000269
65.800000 0.000270
65.900000 0.000270
66.000000 0.000270
66.100000 0.000270
66.200000 0.000270
66.300000 0.000269
66.400000 0.000268
66.500000 0.000266
66.600000 0.000265
66.700000 0.000262
66.800000 0.000260
66.900000 0.000256
67.000000 0.000253
67.100000 0.000249
67.200000 0.000245
67.300000 0.000240
67.400000 0.000235
67.500000 0.000230
67.600000 0.000225
67.700000 0.000220
67.800000 0.000215
67.900000 0.000211
68.000000 0.000207
68.100000 0.000203
68.200000 0.000199
68.300000 0.000196
68.400000 0.000194
68.500000 0.000191
68.600000 0.000190
68.700000 0.000189
68.800000 0.000188
68.900000 0.000187
69.000000 0.000187
69.100000 0.000187
69.200000 0.000188
69.300000 0.000188
69.400000 0.000189
69.500000 0.000190
69.600000 0.000192
69.700000 0.000193
69.800000 0.000195
69.900000 0.000196
70.000000 0.000198
70.100000 0.000199
70.200000 0.000201
70.300000 0.000203
70.400000 0.000205
70.500000 0.000207
70.600000 0.000209
70.700000 0.000211
70.800000 0.000213
70.900000 0.000215
71.000000 0.000217
71.100000 0.000219
71.200000 0.000221
71.300000 0.000223
71.400000 0.000225
71.500000 0.000227
71.600000 0.000229
71.700000 0.000230
71.800000 0.000232
71.900000 0.000234
72.000000 0.000236
72.100000 0.000238
72.200000 0.000240
72.300000 0.000242
72.400000 0.000244
72.500000 0.000245
72.600000 0.000247
72.700000 0.000249
72.800000 0.000250
72.900000 0.000252
73.000000 0.000254
73.100000 0.000255
73.200000 0.000256
73.300000 0.000258
73.400000 0.000259
73.500000 0.000260
73.600000 0.000261
73.700000 0.000262
73.800000 0.000263
73.900000 0.000264
74.000000 0.000264
74.100000 0.000265
74.200000 0.000265
74.300000 0.000265
74.400000 0.000265
74.500000 0.000264
74.600000 0.000263
74.700000 0.000262
74.800000 0.000261
74.900000 0.000259
75.000000 0.000257
75.100000 0.000254
75.200000 0.000252
75.300000 0.000249
75.400000 0.000245
75.500000 0.000242
75.600000 0.000238
75.700000 0.000234
75.800000 0.000230
75.900000 0.000226
76.000000 0.000222
76.100000 0.000219
76.200000 0.000215
76.300000 0.000212
76.400000 0.000208
76.500000 0.000206
76.600000 0.000203
76.700000 0.000201
76.800000 0.000199
76.900000 0.000198
77.000000 0.000196
77.100000 0.000196
77.200000 0.000195
77.300000 0.000195
77.400000 0.000195
77.500000 0.000195
77.600000 0.000196
77.700000 0.000196
77.800000 0.000197
77.900000 0.000198
78.000000 0.000199
78.100000 0.000200
78.200000 0.000202
78.300000 0.000203
78.400000 0.000204
78.500000 0.000206
78.600000 0.000207
78.700000 0.000209
78.800000 0.000211
78.900000 0.000212
79.000000 0.000214
79.100000 0.000216
79.200000 0.000217
79.300000 0.000219
79.400000 0.000221
79.500000 0.000223
79.600000 0.000224
79.700000 0.000226
79.800000 0.000228
79.900000 0.000229
80.000000 0.000231
80.100000 0.000233
80.200000 0.000235
80.300000 0.000236
80.400000 0.000238
80.500000 0.000240
80.600000 0.000241
80.700000 0.000243
80.800000 0.000244
80.900000 0.000246
81.000000 0.000247
81.100000 0.000249
81.200000 0.000250
81.300000 0.000251
81.400000 0.000253
81.500000 0.000254
81.600000 0.000255
81.700000 0.000256
81.800000 0.000257
81.900000 0.000258
82.000000 0.000259
82.100000 0.000259
82.200000 0.000260
82.300000 0.000260
82.400000 0.000260
82.500000 0.000260
82.600000 0.000260
82.700000 0.000260
82.800000 0.000259
82.900000 0.000258
83.000000 0.000257
83.100000 0.000256
83.200000 0.000254
83.300000 0.000253
83.400000 0.000250
83.500000 0.000248
83.600000 0.000246
83.700000 0.000243
83.800000 0.000240
83.900000 0.000237
84.000000 0.000234
84.100000 0.000230
84.200000 0.000227
84.300000 0.000224
84.400000 0.000221
84.500000 0.000218
84.600000 0.000215
84.700000 0.000213
84.800000 0.000210
84.900000 0.000208
85.000000 0.000207
85.100000 0.000205
85.200000 0.000204
85.300000 0.000203
85.400000 0.000202
85.500000 0.000201
85.600000 0.000201
85.700000 0.000201
85.800000 0.000201
85.900000 0.000201
86.000000 0.000202
86.100000 0.000202
86.200000 0.000203
86.300000 0.000204
86.400000 0.000205
86.500000 0.000206
86.600000 0.000207
86.700000 0.000208
86.800000 0.000210
86.900000 0.000211
87.000000 0.000212
87.100000 0.000214
87.200000 0.000215
87.300000 0.000217
87.400000 0.000218
87.500000 0.000219
87.600000 0.000221
87.700000 0.000223
87.800000 0.000224
87.900000 0.000226
88.000000 0.000227
88.100000 0.000229
88.200000 0.000230
88.300000 0.000232
88.400000 0.000233
88.500000 0.000235
88.600000 0.000236
88.700000 0.000238
88.800000 0.000239
88.900000 0.000241
89.000000 0.000242
89.100000 0.000243
89.200000 0.000245
89.300000 0.000246
89.400000 0.000247
89.500000 0.000248
89.600000 0.000250
89.700000 0.000251
89.800000 0.000252
89.900000 0.000253
90.000000 0.000253
90.100000 0.000254
90.200000 0.000255
90.300000 0.000255
90.400000 0.000256
90.500000 0.000256
90.600000 0.000256
90.700000 0.000257
90.800000 0.000256
90.900000 0.000256
91.000000 0.000256
91.100000 0.000255
91.200000 0.000254
91.300000 0.000253
91.400000 0.000252
91.500000 0.000251
91.600000 0.000249
91.700000 0.000247
91.800000 0.000245
91.900000 0.000243
92.000000 0.000241
92.100000 0.000238
92.200000 0.000236
92.300000 0.000233
92.400000 0.000231
92.500000 0.000228
92.600000 0.000226
92.700000 0.000223
92.800000 0.000221
92.900000 0.000218
93.000000 0.000216
93.100000 0.000214
93.200000 0.000213
93.300000 0.000211
93.400000 0.000210
93.500000 0.000209
93.600000 0.000208
93.700000 0.000207
93.800000 0.000206
93.900000 0.000206
94.000000 0.000206
94.100000 0.000206
94.200000 0.000206
94.300000 0.000206
94.400000 0.000207
94.500000 0.000207
94.600000 0.000208
94.700000 0.000209
94.800000 0.000210
94.900000 0.000211
95.000000 0.000212
95.100000 0.000213
95.200000 0.000214
95.300000 0.000215
95.400000 0.000216
95.500000 0.000217
95.600000 0.000219
95.700000 0.000220
95.800000 0.000221
95.900000 0.000223
96.000000 0.000224
96.100000 0.000225
96.200000 0.000227
96.300000 0.000228
96.400000 0.000229
96.500000 0.000231
96.600000 0.000232
96.700000 0.000233
96.800000 0.000235
96.900000 0.000236
97.000000 0.000237
97.100000 0.000239
97.200000 0.000240
97.300000 0.000241
97.400000 0.000242
97.500000 0.000243
97.600000 0.000245
97.700000 0.000246
97.800000 0.000247
97.900000 0.000248
98.000000 0.000249
98.100000 0.000249
98.200000 0.000250
98.300000 0.000251
98.400000 0.000252
98.500000 0.000252
98.600000 0.000253
98.700000 0.000253
98.800000 0.000253
98.900000 0.000253
99.000000 0.000253
99.100000 0.000253
99.200000 0.000253
99.300000 0.000252
99.400000 0.000252
99.500000 0.000251
99.600000 0.000250
99.700000 0.000249
99.800000 0.000248
99.900000 0.000246
100.000000 0.000245
100.100000 0.000243
100.200000 0.000241
100.300000 0.000239
100.400000 0.000237
100.500000 0.000235
100.600000 0.000233
100.700000 0.000231
100.800000 0.000229
100.900000 0.000227
101.000000 0.000225
101.100000 0.000223
101.200000 0.000221
101.300000 0.000219
101.400000 0.000217
101.500000 0.000216
101.600000 0.000215
101.700000 0.000213
101.800000 0.000212
101.900000 0.000212
102.000000 0.000211
102.100000 0.000211
102.200000 0.000210
102.300000 0.000210
102.400000 0.000210
102.500000 0.000210
102.600000 0.000210
102.700000 0.000211
102.800000 0.000211
102.900000 0.000212
103.000000 0.000212
103.100000 0.000213
103.200000 0.000214
103.300000 0.000214
103.400000 0.000215
103.500000 0.000216
103.600000 0.000217
103.700000 0.000218
103.800000 0.000219
103.900000 0.000221
104.000000 0.000222
104.100000 0.000223
104.200000 0.000224
104.300000 0.000225
104.400000 0.000226
104.500000 0.000228
104.600000 0.000229
104.700000 0.000230
104.800000 0.000231
104.900000 0.000232
105.000000 0.000234
105.100000 0.000235
105.200000 0.000236
105.300000 0.000237
105.400000 0.000238
105.500000 0.000239
105.600000 0.000240
105.700000 0.000241
105.800000 0.000242
105.900000 0.000243
106.000000 0.000244
106.100000 0.000245
106.200000 0.000246
106.300000 0.000247
106.400000 0.000247
106.500000 0.000248
106.600000 0.000249
106.700000 0.000249
106.800000 0.000250
106.900000 0.000250
107.000000 0.000250
107.100000 0.000250
107.200000 0.000250
107.300000 0.000250
107.400000 0.000250
107.500000 0.000250
107.600000 0.000249
107.700000 0.000249
107.800000 0.000248
107.900000 0.000247
108.000000 0.000246
108.100000 0.000245
108.200000 0.000244
108.300000 0.000243
108.400000 0.000241
108.500000 0.000240
108.600000 0.000238
108.700000 0.000236
108.800000 0.000235
108.900000 0.000233
109.000000 0.000231
109.100000 0.000229
109.200000 0.000228
109.300000 0.000226
109.400000 0.000224
109.500000 0.000223
109.600000 0.000221
109.700000 0.000220
109.800000 0.000219
109.900000 0.000217
110.000000 0.000217
110.100000 0.000216
110.200000 0.000215
110.300000 0.000214
110.400000 0.000214
110.500000 0.000214
110.600000 0.000213
110.700000 0.000213
110.800000 0.000213
110.900000 0.000213
111.000000 0.000214
111.100000 0.000214
111.200000 0.000214
111.300000 0.000215
111.400000 0.000216
111.500000 0.000216
111.600000 0.000217
111.700000 0.000218
111.800000 0.000218
111.900000 0.000219
112.000000 0.000220
112.100000 0.000221
112.200000 0.000222
112.300000 0.000223
112.400000 0.000224
112.500000 0.000225
112.600000 0.000226
112.700000 0.000227
112.800000 0.000228
112.900000 0.000229
113.000000 0.000230
113.100000 0.000231
113.200000 0.000232
113.300000 0.000234
113.400000 0.000235
113.500000 0.000236
113.600000 0.000237
113.700000 0.000238
113.800000 0.000239
113.900000 0.000240
114.000000 0.000240
114.100000 0.000241
114.200000 0.000242
114.300000 0.000243
114.400000 0.000244
114.500000 0.000244
114.600000 0.000245
114.700000 0.000246
114.800000 0.000246
114.900000 0.000247
115.000000 0.000247
115.100000 0.000247
115.200000 0.000248
115.300000 0.000248
115.400000 0.000248
115.500000 0.000248
115.600000 0.000248
115.700000 0.000248
115.800000 0.000247
115.900000 0.000247
116.000000 0.000246
116.100000 0.000246
116.200000 0.000245
116.300000 0.000244
116.400000 0.000243
116.500000 0.000242
116.600000 0.000241
116.700000 0.000240
116.800000 0.000238
116.900000 0.000237
117.000000 0.000236
117.100000 0.000234
117.200000 0.000233
117.300000 0.000231
117.400000 0.000230
117.500000 0.000228
117.600000 0.000227
117.700000 0.000225
117.800000 0.000224
117.900000 0.000223
118.000000 0.000222
118.100000 0.000221
118.200000 0.000220
118.300000 0.000219
118.400000 0.000218
118.500000 0.000218
118.600000 0.000217
118.700000 0.000217
118.800000 0.000216
118.900000 0.000216
119.000000 0.000216
119.100000 0.000216
119.200000 0.000216
119.300000 0.000216
119.400000 0.000217
119.500000 0.000217
119.600000 0.000217
119.700000 0.000218
119.800000 0.000218
119.900000 0.000219
120.000000 0.000220
120.100000 0.000220
120.200000 0.000221
120.300000 0.000222
120.400000 0.000223
120.500000 0.000223
120.600000 0.000224
120.700000 0.000225
120.800000 0.000226
120.900000 0.000227
121.000000 0.000228
121.100000 0.000229
121.200000 0.000230
121.300000 0.000231
121.400000 0.000232
121.500000 0.000233
121.600000 0.000234
121.700000 0.000234
121.800000 0.000235
121.900000 0.000236
122.000000 0.000237
122.100000 0.000238
122.200000 0.000239
122.300000 0.000240
122.400000 0.000240
122.500000 0.000241
122.600000 0.000242
122.700000 0.000242
122.800000 0.000243
122.900000 0.000244
123.000000 0.000244
123.100000 0.000245
123.200000 0.000245
123.300000 0.000245
123.400000 0.000245
123.500000 0.000246
123.600000 0.000246
123.700000 0.000246
123.800000 0.000246
123.900000 0.000246
124.000000 0.000245
124.100000 0.000245
124.200000 0.000245
124.300000 0.000244
124.400000 0.000244
124.500000 0.000243
124.600000 0.000242
124.700000 0.000241
124.800000 0.000240
124.900000 0.000239
125.000000 0.000238
125.100000 0.000237
125.200000 0.000236
125.300000 0.000235
125.400000 0.000234
125.500000 0.000232
125.600000 0.000231
125.700000 0.000230
125.800000 0.000229
125.900000 0.000228
126.000000 0.000227
126.100000 0.000225
126.200000 0.000224
126.300000 0.000223
126.400000 0.000223
126.500000 0.000222
126.600000 0.000221
126.700000 0.000220
126.800000 0.000220
126.900000 0.000219
127.000000 0.000219
127.100000 0.000219
127.200000 0.000219
127.300000 0.000218
127.400000 0.000218
127.500000 0.000218
127.600000 0.000219
127.700000 0.000219
127.800000 0.000219
127.900000 0.000219
128.000000 0.000220
128.100000 0.000220
128.200000 0.000221
128.300000 0.000221
128.400000 0.000222
128.500000 0.000223
128.600000 0.000223
128.700000 0.000224
128.800000 0.000225
128.900000 0.000225
129.000000 0.000226
129.100000 0.000227
129.200000 0.000228
129.300000 0.000229
129.400000 0.000229
129.500000 0.000230
129.600000 0.000231
129.700000 0.000232
129.800000 0.000233
129.900000 0.000233
130.000000 0.000234
130.100000 0.000235
130.200000 0.000236
130.300000 0.000237
130.400000 0.000237
130.500000 0.000238
130.600000 0.000239
130.700000 0.000239
130.800000 0.000240
130.900000 0.000241
131.000000 0.000241
131.100000 0.000242
131.200000 0.000242
131.300000 0.000243
131.400000 0.000243
131.500000 0.000243
131.600000 0.000244
131.700000 0.000244
131.800000 0.000244
131.900000 0.000244
132.000000 0.000244
132.100000 0.000244
132.200000 0.000244
132.300000 0.000244
132.400000 0.000243
132.500000 0.000243
132.600000 0.000242
132.700000 0.000242
132.800000 0.000241
132.900000 0.000241
133.000000 0.000240
133.100000 0.000239
133.200000 0.000238
133.300000 0.000237
133.400000 0.000236
133.500000 0.000235
133.600000 0.000234
133.700000 0.000233
133.800000 0.000232
133.900000 0.000231
134.000000 0.000230
134.100000 0.000229
134.200000 0.000228
134.300000 0.000227
134.400000 0.000226
134.500000 0.000226
134.600000 0.000225
134.700000 0.000224
134.800000 0.000223
134.900000 0.000223
135.000000 0.000222
135.100000 0.000222
135.200000 0.000221
135.300000 0.000221
135.400000 0.000221
135.500000 0.000221
135.600000 0.000220
135.700000 0.000220
135.800000 0.000220
