Graphic of Mass loss for Mu=0.100 C=10.000 Gamma=1.000
0.000000 0.000000
0.100000 0.000185
0.200000 0.000295
0.300000 0.000376
0.400000 0.000439
0.500000 0.000497
0.600000 0.000552
0.700000 0.000604
0.800000 0.000654
0.900000 0.000703
1.000000 0.000750
1.100000 0.000791
1.200000 0.000482
1.300000 0.000078
1.400000 0.000258
1.500000 0.000464
1.600000 0.000656
1.700000 0.000822
1.800000 0.000957
1.900000 0.001063
2.000000 0.001140
2.100000 0.001193
2.200000 0.001230
2.300000 0.001259
2.400000 0.001285
2.500000 0.001309
2.600000 0.001339
2.700000 0.001368
2.800000 0.001386
2.900000 0.001404
3.000000 0.001422
3.100000 0.001440
3.200000 0.001460
3.300000 0.001479
3.400000 0.001497
3.500000 0.001513
3.600000 0.001529
3.700000 0.001543
3.800000 0.001557
3.900000 0.001568
4.000000 0.001516
4.100000 0.001153
4.200000 0.001128
4.300000 0.001197
4.400000 0.001266
4.500000 0.001329
4.600000 0.001389
4.700000 0.001445
4.800000 0.001498
4.900000 0.001546
5.000000 0.001590
5.100000 0.001629
5.200000 0.001663
5.300000 0.001691
5.400000 0.001715
5.500000 0.001735
5.600000 0.001754
5.700000 0.001763
5.800000 0.001770
5.900000 0.001777
6.000000 0.001783
6.100000 0.001789
6.200000 0.001795
6.300000 0.001802
6.400000 0.001809
6.500000 0.001815
6.600000 0.001822
6.700000 0.001828
6.800000 0.001833
6.900000 0.001827
7.000000 0.001721
7.100000 0.001508
7.200000 0.001493
7.300000 0.001528
7.400000 0.001565
7.500000 0.001600
7.600000 0.001634
7.700000 0.001667
7.800000 0.001698
7.900000 0.001728
8.000000 0.001757
8.100000 0.001784
8.200000 0.001809
8.300000 0.001833
8.400000 0.001855
8.500000 0.001875
8.600000 0.001896
8.700000 0.001910
8.800000 0.001922
8.900000 0.001931
9.000000 0.001938
9.100000 0.001944
9.200000 0.001948
9.300000 0.001952
9.400000 0.001956
9.500000 0.001959
9.600000 0.001963
9.700000 0.001967
9.800000 0.001969
9.900000 0.001965
10.000000 0.001914
10.100000 0.001759
10.200000 0.001682
10.300000 0.001691
10.400000 0.001715
10.500000 0.001739
10.600000 0.001763
10.700000 0.001786
10.800000 0.001808
10.900000 0.001829
11.000000 0.001850
11.100000 0.001870
11.200000 0.001890
11.300000 0.001909
11.400000 0.001927
11.500000 0.001944
11.600000 0.001961
11.700000 0.001977
11.800000 0.001991
11.900000 0.002002
12.000000 0.002013
12.100000 0.002022
12.200000 0.002030
12.300000 0.002036
12.400000 0.002041
12.500000 0.002045
12.600000 0.002049
12.700000 0.002051
12.800000 0.002054
12.900000 0.002054
13.000000 0.002041
13.100000 0.001974
13.200000 0.001851
13.300000 0.001804
13.400000 0.001810
13.500000 0.001826
13.600000 0.001844
13.700000 0.001862
13.800000 0.001879
13.900000 0.001896
14.000000 0.001912
14.100000 0.001928
14.200000 0.001944
14.300000 0.001959
14.400000 0.001974
14.500000 0.001988
14.600000 0.002002
14.700000 0.002017
14.800000 0.002030
14.900000 0.002042
15.000000 0.002053
15.100000 0.002063
15.200000 0.002072
15.300000 0.002081
15.400000 0.002088
15.500000 0.002095
15.600000 0.002100
15.700000 0.002105
15.800000 0.002109
15.900000 0.002111
16.000000 0.002111
16.100000 0.002097
16.200000 0.002039
16.300000 0.001940
16.400000 0.001891
16.500000 0.001890
16.600000 0.001902
16.700000 0.001916
16.800000 0.001930
16.900000 0.001944
17.000000 0.001957
17.100000 0.001970
17.200000 0.001983
17.300000 0.001996
17.400000 0.002008
17.500000 0.002021
17.600000 0.002032
17.700000 0.002044
17.800000 0.002056
17.900000 0.002068
18.000000 0.002078
18.100000 0.002088
18.200000 0.002097
18.300000 0.002106
18.400000 0.002114
18.500000 0.002122
18.600000 0.002129
18.700000 0.002135
18.800000 0.002141
18.900000 0.002146
19.000000 0.002149
19.100000 0.002150
19.200000 0.002141
19.300000 0.002100
19.400000 0.002020
19.500000 0.001962
19.600000 0.001951
19.700000 0.001957
19.800000 0.001968
19.900000 0.001979
20.000000 0.001991
20.100000 0.002002
20.200000 0.002013
20.300000 0.002024
20.400000 0.002035
20.500000 0.002045
20.600000 0.002055
20.700000 0.002065
20.800000 0.002075
20.900000 0.002085
21.000000 0.002096
21.100000 0.002105
21.200000 0.002114
21.300000 0.002122
21.400000 0.002130
21.500000 0.002137
21.600000 0.002145
21.700000 0.002152
21.800000 0.002158
21.900000 0.002164
22.000000 0.002169
22.100000 0.002174
22.200000 0.002176
22.300000 0.002172
22.400000 0.002147
22.500000 0.002088
22.600000 0.002025
22.700000 0.002000
22.800000 0.002000
22.900000 0.002007
23.000000 0.002016
23.100000 0.002026
23.200000 0.002035
23.300000 0.002045
23.400000 0.002054
23.500000 0.002063
23.600000 0.002072
23.700000 0.002081
23.800000 0.002090
23.900000 0.002098
24.000000 0.002107
24.100000 0.002116
24.200000 0.002124
24.300000 0.002132
24.400000 0.002140
24.500000 0.002147
24.600000 0.002154
24.700000 0.002161
24.800000 0.002167
24.900000 0.002173
25.000000 0.002179
25.100000 0.002185
25.200000 0.002190
25.300000 0.002193
25.400000 0.002192
25.500000 0.002179
25.600000 0.002141
25.700000 0.002084
25.800000 0.002045
25.900000 0.002034
26.000000 0.002037
26.100000 0.002044
26.200000 0.002052
26.300000 0.002060
26.400000 0.002069
26.500000 0.002077
26.600000 0.002085
26.700000 0.002093
26.800000 0.002100
26.900000 0.002108
27.000000 0.002116
27.100000 0.002123
27.200000 0.002131
27.300000 0.002139
27.400000 0.002146
27.500000 0.002152
27.600000 0.002159
27.700000 0.002166
27.800000 0.002172
27.900000 0.002178
28.000000 0.002184
28.100000 0.002189
28.200000 0.002195
28.300000 0.002199
28.400000 0.002203
28.500000 0.002204
28.600000 0.002198
28.700000 0.002176
28.800000 0.002133
28.900000 0.002088
29.000000 0.002066
29.100000 0.002062
29.200000 0.002066
29.300000 0.002072
29.400000 0.002079
29.500000 0.002087
29.600000 0.002094
29.700000 0.002101
29.800000 0.002108
29.900000 0.002115
30.000000 0.002122
30.100000 0.002128
30.200000 0.002135
30.300000 0.002142
30.400000 0.002149
30.500000 0.002155
30.600000 0.002162
30.700000 0.002168
30.800000 0.002174
30.900000 0.002179
31.000000 0.002185
31.100000 0.002191
31.200000 0.002196
31.300000 0.002201
31.400000 0.002206
31.500000 0.002210
31.600000 0.002212
31.700000 0.002210
31.800000 0.002198
31.900000 0.002169
32.000000 0.002129
32.100000 0.002098
32.200000 0.002085
32.300000 0.002085
32.400000 0.002089
32.500000 0.002094
32.600000 0.002101
32.700000 0.002107
32.800000 0.002113
32.900000 0.002120
33.000000 0.002126
33.100000 0.002132
33.200000 0.002138
33.300000 0.002144
33.400000 0.002150
33.500000 0.002156
33.600000 0.002163
33.700000 0.002168
33.800000 0.002174
33.900000 0.002179
34.000000 0.002185
34.100000 0.002190
34.200000 0.002195
34.300000 0.002200
34.400000 0.002205
34.500000 0.002209
34.600000 0.002213
34.700000 0.002216
34.800000 0.002217
34.900000 0.002211
35.000000 0.002193
35.100000 0.002163
35.200000 0.002130
35.300000 0.002109
35.400000 0.002102
35.500000 0.002102
35.600000 0.002106
35.700000 0.002112
35.800000 0.002117
35.900000 0.002123
36.000000 0.002129
36.100000 0.002134
36.200000 0.002140
36.300000 0.002146
36.400000 0.002151
36.500000 0.002157
36.600000 0.002162
36.700000 0.002168
36.800000 0.002173
36.900000 0.002178
37.000000 0.002183
37.100000 0.002188
37.200000 0.002193
37.300000 0.002198
37.400000 0.002203
37.500000 0.002207
37.600000 0.002212
37.700000 0.002216
37.800000 0.002219
37.900000 0.002220
38.000000 0.002218
38.100000 0.002208
38.200000 0.002187
38.300000 0.002158
38.400000 0.002133
38.500000 0.002119
38.600000 0.002115
38.700000 0.002117
38.800000 0.002121
38.900000 0.002125
39.000000 0.002131
39.100000 0.002136
39.200000 0.002141
39.300000 0.002146
39.400000 0.002151
39.500000 0.002156
39.600000 0.002161
39.700000 0.002166
39.800000 0.002171
39.900000 0.002177
40.000000 0.002182
40.100000 0.002186
40.200000 0.002191
40.300000 0.002195
40.400000 0.002200
40.500000 0.002204
40.600000 0.002209
40.700000 0.002213
40.800000 0.002217
40.900000 0.002220
41.000000 0.002222
41.100000 0.002222
41.200000 0.002217
41.300000 0.002203
41.400000 0.002181
41.500000 0.002156
41.600000 0.002138
41.700000 0.002129
41.800000 0.002127
41.900000 0.002129
42.000000 0.002132
42.100000 0.002137
42.200000 0.002141
42.300000 0.002146
42.400000 0.002151
42.500000 0.002156
42.600000 0.002160
42.700000 0.002165
42.800000 0.002170
42.900000 0.002174
43.000000 0.002179
43.100000 0.002184
43.200000 0.002188
43.300000 0.002193
43.400000 0.002197
43.500000 0.002201
43.600000 0.002205
43.700000 0.002209
43.800000 0.002213
43.900000 0.002217
44.000000 0.002220
44.100000 0.002223
44.200000 0.002224
44.300000 0.002221
44.400000 0.002214
44.500000 0.002198
44.600000 0.002177
44.700000 0.002156
44.800000 0.002143
44.900000 0.002137
45.000000 0.002136
45.100000 0.002139
45.200000 0.002142
45.300000 0.002146
45.400000 0.002150
45.500000 0.002155
45.600000 0.002159
45.700000 0.002164
45.800000 0.002168
45.900000 0.002172
46.000000 0.002177
46.100000 0.002181
46.200000 0.002185
46.300000 0.002189
46.400000 0.002194
46.500000 0.002198
46.600000 0.002202
46.700000 0.002206
46.800000 0.002209
46.900000 0.002213
47.000000 0.002217
47.100000 0.002220
47.200000 0.002223
47.300000 0.002224
47.400000 0.002224
47.500000 0.002219
47.600000 0.002209
47.700000 0.002193
47.800000 0.002174
47.900000 0.002158
48.000000 0.002148
48.100000 0.002144
48.200000 0.002145
48.300000 0.002147
48.400000 0.002150
48.500000 0.002154
48.600000 0.002158
48.700000 0.002162
48.800000 0.002166
48.900000 0.002170
49.000000 0.002174
49.100000 0.002178
49.200000 0.002182
49.300000 0.002186
49.400000 0.002190
49.500000 0.002194
49.600000 0.002198
49.700000 0.002202
49.800000 0.002206
49.900000 0.002209
50.000000 0.002213
50.100000 0.002216
50.200000 0.002219
50.300000 0.002222
50.400000 0.002224
50.500000 0.002225
50.600000 0.002223
50.700000 0.002216
50.800000 0.002205
50.900000 0.002189
51.000000 0.002173
51.100000 0.002160
51.200000 0.002153
51.300000 0.002151
51.400000 0.002152
51.500000 0.002154
51.600000 0.002157
51.700000 0.002161
51.800000 0.002164
51.900000 0.002168
52.000000 0.002172
52.100000 0.002176
52.200000 0.002179
52.300000 0.002183
52.400000 0.002187
52.500000 0.002191
52.600000 0.002194
52.700000 0.002198
52.800000 0.002202
52.900000 0.002205
53.000000 0.002209
53.100000 0.002212
53.200000 0.002215
53.300000 0.002219
53.400000 0.002221
53.500000 0.002224
53.600000 0.002225
53.700000 0.002224
53.800000 0.002221
53.900000 0.002213
54.000000 0.002201
54.100000 0.002186
54.200000 0.002172
54.300000 0.002163
54.400000 0.002158
54.500000 0.002157
54.600000 0.002158
54.700000 0.002160
54.800000 0.002163
54.900000 0.002166
55.000000 0.002170
55.100000 0.002173
55.200000 0.002177
55.300000 0.002180
55.400000 0.002184
55.500000 0.002187
55.600000 0.002191
55.700000 0.002195
55.800000 0.002198
55.900000 0.002201
56.000000 0.002205
56.100000 0.002208
56.200000 0.002211
56.300000 0.002215
56.400000 0.002218
56.500000 0.002220
56.600000 0.002223
56.700000 0.002224
56.800000 0.002225
56.900000 0.002223
57.000000 0.002218
57.100000 0.002209
57.200000 0.002197
57.300000 0.002184
57.400000 0.002173
57.500000 0.002165
57.600000 0.002162
57.700000 0.002162
57.800000 0.002163
57.900000 0.002165
58.000000 0.002168
58.100000 0.002171
58.200000 0.002174
58.300000 0.002178
58.400000 0.002181
58.500000 0.002184
58.600000 0.002188
58.700000 0.002191
58.800000 0.002194
58.900000 0.002198
59.000000 0.002201
59.100000 0.002204
59.200000 0.002207
59.300000 0.002211
59.400000 0.002214
59.500000 0.002216
59.600000 0.002219
59.700000 0.002222
59.800000 0.002223
59.900000 0.002224
60.000000 0.002224
60.100000 0.002221
60.200000 0.002215
60.300000 0.002206
60.400000 0.002194
60.500000 0.002182
60.600000 0.002174
60.700000 0.002168
60.800000 0.002166
60.900000 0.002166
61.000000 0.002167
61.100000 0.002170
61.200000 0.002172
61.300000 0.002175
61.400000 0.002178
61.500000 0.002182
61.600000 0.002185
61.700000 0.002188
61.800000 0.002191
61.900000 0.002194
62.000000 0.002197
62.100000 0.002201
62.200000 0.002204
62.300000 0.002207
62.400000 0.002210
62.500000 0.002213
62.600000 0.002215
62.700000 0.002218
62.800000 0.002220
62.900000 0.002222
63.000000 0.002224
63.100000 0.002224
63.200000 0.002222
63.300000 0.002219
63.400000 0.002212
63.500000 0.002202
63.600000 0.002192
63.700000 0.002182
63.800000 0.002175
63.900000 0.002171
64.000000 0.002169
64.100000 0.002170
64.200000 0.002171
64.300000 0.002174
64.400000 0.002176
64.500000 0.002179
64.600000 0.002182
64.700000 0.002185
64.800000 0.002188
64.900000 0.002191
65.000000 0.002194
65.100000 0.002197
65.200000 0.002200
65.300000 0.002203
65.400000 0.002206
65.500000 0.002209
65.600000 0.002211
65.700000 0.002214
65.800000 0.002217
65.900000 0.002219
66.000000 0.002221
66.100000 0.002223
66.200000 0.002224
66.300000 0.002223
66.400000 0.002221
66.500000 0.002216
66.600000 0.002209
66.700000 0.002199
66.800000 0.002190
66.900000 0.002182
67.000000 0.002176
67.100000 0.002174
67.200000 0.002173
67.300000 0.002173
67.400000 0.002175
67.500000 0.002177
67.600000 0.002180
67.700000 0.002182
67.800000 0.002185
67.900000 0.002188
68.000000 0.002191
68.100000 0.002194
68.200000 0.002196
68.300000 0.002199
68.400000 0.002202
68.500000 0.002205
68.600000 0.002208
68.700000 0.002210
68.800000 0.002213
68.900000 0.002216
69.000000 0.002218
69.100000 0.002220
69.200000 0.002222
69.300000 0.002223
69.400000 0.002223
69.500000 0.002222
69.600000 0.002219
69.700000 0.002213
69.800000 0.002206
69.900000 0.002197
70.000000 0.002189
70.100000 0.002182
70.200000 0.002178
70.300000 0.002176
70.400000 0.002176
70.500000 0.002177
70.600000 0.002178
70.700000 0.002180
70.800000 0.002183
70.900000 0.002185
71.000000 0.002188
71.100000 0.002191
71.200000 0.002193
71.300000 0.002196
71.400000 0.002199
71.500000 0.002201
71.600000 0.002204
71.700000 0.002207
71.800000 0.002209
71.900000 0.002212
72.000000 0.002214
72.100000 0.002217
72.200000 0.002219
72.300000 0.002221
72.400000 0.002222
72.500000 0.002223
72.600000 0.002222
72.700000 0.002220
72.800000 0.002216
72.900000 0.002211
73.000000 0.002203
73.100000 0.002195
73.200000 0.002188
73.300000 0.002183
73.400000 0.002180
73.500000 0.002178
73.600000 0.002178
73.700000 0.002179
73.800000 0.002181
73.900000 0.002183
74.000000 0.002185
74.100000 0.002188
74.200000 0.002190
74.300000 0.002193
74.400000 0.002195
74.500000 0.002198
74.600000 0.002201
74.700000 0.002203
74.800000 0.002206
74.900000 0.002208
75.000000 0.002211
75.100000 0.002213
75.200000 0.002215
75.300000 0.002218
75.400000 0.002219
75.500000 0.002221
75.600000 0.002222
75.700000 0.002222
75.800000 0.002221
75.900000 0.002219
76.000000 0.002214
76.100000 0.002208
76.200000 0.002201
76.300000 0.002194
76.400000 0.002188
76.500000 0.002184
76.600000 0.002181
76.700000 0.002180
76.800000 0.002181
76.900000 0.002182
77.000000 0.002184
77.100000 0.002186
77.200000 0.002188
77.300000 0.002190
77.400000 0.002193
77.500000 0.002195
77.600000 0.002197
77.700000 0.002200
77.800000 0.002202
77.900000 0.002205
78.000000 0.002207
78.100000 0.002210
78.200000 0.002212
78.300000 0.002214
78.400000 0.002216
78.500000 0.002218
78.600000 0.002220
78.700000 0.002221
78.800000 0.002222
78.900000 0.002221
79.000000 0.002220
79.100000 0.002217
79.200000 0.002212
79.300000 0.002206
79.400000 0.002199
79.500000 0.002193
79.600000 0.002188
79.700000 0.002185
79.800000 0.002183
79.900000 0.002183
80.000000 0.002183
80.100000 0.002184
80.200000 0.002186
80.300000 0.002188
80.400000 0.002190
80.500000 0.002192
80.600000 0.002195
80.700000 0.002197
80.800000 0.002199
80.900000 0.002202
81.000000 0.002204
81.100000 0.002206
81.200000 0.002209
81.300000 0.002211
81.400000 0.002213
81.500000 0.002215
81.600000 0.002217
81.700000 0.002219
81.800000 0.002220
81.900000 0.002221
82.000000 0.002221
82.100000 0.002220
82.200000 0.002218
82.300000 0.002215
82.400000 0.002210
82.500000 0.002204
82.600000 0.002198
82.700000 0.002193
82.800000 0.002189
82.900000 0.002186
83.000000 0.002185
83.100000 0.002184
83.200000 0.002185
83.300000 0.002186
83.400000 0.002188
83.500000 0.002190
83.600000 0.002192
83.700000 0.002194
83.800000 0.002196
83.900000 0.002199
84.000000 0.002201
84.100000 0.002203
84.200000 0.002205
84.300000 0.002208
84.400000 0.002210
84.500000 0.002212
84.600000 0.002214
84.700000 0.002216
84.800000 0.002218
84.900000 0.002219
85.000000 0.002220
85.100000 0.002221
85.200000 0.002220
85.300000 0.002219
85.400000 0.002217
85.500000 0.002213
85.600000 0.002208
85.700000 0.002202
85.800000 0.002197
85.900000 0.002193
86.000000 0.002189
86.100000 0.002187
86.200000 0.002186
86.300000 0.002186
86.400000 0.002187
86.500000 0.002188
86.600000 0.002190
86.700000 0.002192
86.800000 0.002194
86.900000 0.002196
87.000000 0.002198
87.100000 0.002200
87.200000 0.002202
87.300000 0.002204
87.400000 0.002207
87.500000 0.002209
87.600000 0.002211
87.700000 0.002213
87.800000 0.002215
87.900000 0.002216
88.000000 0.002218
88.100000 0.002219
88.200000 0.002220
88.300000 0.002220
88.400000 0.002219
88.500000 0.002218
88.600000 0.002215
88.700000 0.002211
88.800000 0.002206
88.900000 0.002201
89.000000 0.002196
89.100000 0.002192
89.200000 0.002190
89.300000 0.002188
89.400000 0.002188
89.500000 0.002188
89.600000 0.002189
89.700000 0.002190
89.800000 0.002192
89.900000 0.002193
90.000000 0.002195
90.100000 0.002197
90.200000 0.002199
90.300000 0.002201
90.400000 0.002204
90.500000 0.002206
90.600000 0.002208
90.700000 0.002210
90.800000 0.002212
90.900000 0.002214
91.000000 0.002215
91.100000 0.002217
91.200000 0.002218
91.300000 0.002219
91.400000 0.002220
91.500000 0.002219
91.600000 0.002218
91.700000 0.002216
91.800000 0.002213
91.900000 0.002209
92.000000 0.002205
92.100000 0.002200
92.200000 0.002196
92.300000 0.002193
92.400000 0.002190
92.500000 0.002189
92.600000 0.002189
92.700000 0.002189
92.800000 0.002190
92.900000 0.002192
93.000000 0.002193
93.100000 0.002195
93.200000 0.002197
93.300000 0.002199
93.400000 0.002201
93.500000 0.002203
93.600000 0.002205
93.700000 0.002207
93.800000 0.002209
93.900000 0.002211
94.000000 0.002212
94.100000 0.002214
94.200000 0.002216
94.300000 0.002217
94.400000 0.002218
94.500000 0.002219
94.600000 0.002219
94.700000 0.002219
94.800000 0.002217
94.900000 0.002215
95.000000 0.002212
95.100000 0.002208
95.200000 0.002203
95.300000 0.002199
95.400000 0.002196
95.500000 0.002193
95.600000 0.002191
95.700000 0.002190
95.800000 0.002190
95.900000 0.002191
96.000000 0.002192
96.100000 0.002193
96.200000 0.002195
96.300000 0.002196
96.400000 0.002198
96.500000 0.002200
96.600000 0.002202
96.700000 0.002204
96.800000 0.002206
96.900000 0.002208
97.000000 0.002210
97.100000 0.002211
97.200000 0.002213
97.300000 0.002215
97.400000 0.002216
97.500000 0.002217
97.600000 0.002218
97.700000 0.002219
97.800000 0.002218
97.900000 0.002218
98.000000 0.002216
98.100000 0.002213
98.200000 0.002210
98.300000 0.002206
98.400000 0.002202
98.500000 0.002199
98.600000 0.002196
98.700000 0.002193
98.800000 0.002192
98.900000 0.002191
99.000000 0.002192
99.100000 0.002192
99.200000 0.002193
99.300000 0.002195
99.400000 0.002196
99.500000 0.002198
99.600000 0.002199
99.700000 0.002201
99.800000 0.002203
99.900000 0.002205
100.000000 0.002207
100.100000 0.002209
100.200000 0.002210
100.300000 0.002212
100.400000 0.002214
100.500000 0.002215
100.600000 0.002216
100.700000 0.002217
100.800000 0.002218
100.900000 0.002218
101.000000 0.002218
101.100000 0.002217
101.200000 0.002215
101.300000 0.002212
101.400000 0.002209
101.500000 0.002205
101.600000 0.002201
101.700000 0.002198
101.800000 0.002196
101.900000 0.002194
102.000000 0.002193
102.100000 0.002192
102.200000 0.002193
102.300000 0.002193
102.400000 0.002195
102.500000 0.002196
102.600000 0.002197
102.700000 0.002199
102.800000 0.002201
102.900000 0.002202
103.000000 0.002204
103.100000 0.002206
103.200000 0.002208
103.300000 0.002209
103.400000 0.002211
103.500000 0.002213
103.600000 0.002214
103.700000 0.002215
103.800000 0.002217
103.900000 0.002217
104.000000 0.002218
104.100000 0.002218
104.200000 0.002217
104.300000 0.002216
104.400000 0.002214
104.500000 0.002211
104.600000 0.002208
104.700000 0.002204
104.800000 0.002201
104.900000 0.002198
105.000000 0.002196
105.100000 0.002194
105.200000 0.002194
105.300000 0.002193
105.400000 0.002194
105.500000 0.002195
105.600000 0.002196
105.700000 0.002197
105.800000 0.002199
105.900000 0.002200
106.000000 0.002202
106.100000 0.002203
106.200000 0.002205
106.300000 0.002207
106.400000 0.002208
106.500000 0.002210
106.600000 0.002212
106.700000 0.002213
106.800000 0.002214
106.900000 0.002216
107.000000 0.002217
107.100000 0.002217
107.200000 0.002217
107.300000 0.002217
107.400000 0.002216
107.500000 0.002215
107.600000 0.002212
107.700000 0.002210
107.800000 0.002206
107.900000 0.002203
108.000000 0.002200
108.100000 0.002198
108.200000 0.002196
108.300000 0.002195
108.400000 0.002194
108.500000 0.002194
108.600000 0.002195
108.700000 0.002196
108.800000 0.002197
108.900000 0.002198
109.000000 0.002200
109.100000 0.002201
109.200000 0.002203
109.300000 0.002204
109.400000 0.002206
109.500000 0.002208
109.600000 0.002209
109.700000 0.002211
109.800000 0.002212
109.900000 0.002214
110.000000 0.002215
110.100000 0.002216
110.200000 0.002216
110.300000 0.002217
110.400000 0.002217
110.500000 0.002216
110.600000 0.002215
110.700000 0.002213
110.800000 0.002211
110.900000 0.002208
111.000000 0.002205
111.100000 0.002203
111.200000 0.002200
111.300000 0.002198
111.400000 0.002196
111.500000 0.002196
111.600000 0.002195
111.700000 0.002195
111.800000 0.002196
111.900000 0.002197
112.000000 0.002198
112.100000 0.002199
112.200000 0.002201
112.300000 0.002202
112.400000 0.002204
112.500000 0.002205
112.600000 0.002207
112.700000 0.002208
112.800000 0.002210
112.900000 0.002211
113.000000 0.002213
113.100000 0.002214
113.200000 0.002215
113.300000 0.002216
113.400000 0.002216
113.500000 0.002217
113.600000 0.002216
113.700000 0.002216
113.800000 0.002214
113.900000 0.002212
114.000000 0.002210
114.100000 0.002207
114.200000 0.002205
114.300000 0.002202
114.400000 0.002200
114.500000 0.002198
114.600000 0.002197
114.700000 0.002196
114.800000 0.002196
114.900000 0.002196
115.000000 0.002197
115.100000 0.002198
115.200000 0.002199
115.300000 0.002200
115.400000 0.002202
115.500000 0.002203
115.600000 0.002204
115.700000 0.002206
115.800000 0.002207
115.900000 0.002209
116.000000 0.002210
116.100000 0.002212
116.200000 0.002213
116.300000 0.002214
116.400000 0.002215
116.500000 0.002216
116.600000 0.002216
116.700000 0.002216
116.800000 0.002216
116.900000 0.002215
117.000000 0.002213
117.100000 0.002211
117.200000 0.002209
117.300000 0.002207
117.400000 0.002204
117.500000 0.002202
117.600000 0.002200
117.700000 0.002198
117.800000 0.002197
117.900000 0.002197
118.000000 0.002197
118.100000 0.002197
118.200000 0.002198
118.300000 0.002199
118.400000 0.002200
118.500000 0.002201
118.600000 0.002202
118.700000 0.002204
118.800000 0.002205
118.900000 0.002207
119.000000 0.002208
119.100000 0.002209
119.200000 0.002211
119.300000 0.002212
119.400000 0.002213
119.500000 0.002214
119.600000 0.002215
119.700000 0.002216
119.800000 0.002216
119.900000 0.002216
120.000000 0.002215
120.100000 0.002214
120.200000 0.002212
120.300000 0.002210
120.400000 0.002208
120.500000 0.002206
120.600000 0.002203
120.700000 0.002201
120.800000 0.002200
120.900000 0.002198
121.000000 0.002198
121.100000 0.002197
121.200000 0.002197
121.300000 0.002198
121.400000 0.002199
121.500000 0.002200
121.600000 0.002201
121.700000 0.002202
121.800000 0.002203
121.900000 0.002205
122.000000 0.002206
122.100000 0.002207
122.200000 0.002209
122.300000 0.002210
122.400000 0.002211
122.500000 0.002212
122.600000 0.002213
122.700000 0.002214
122.800000 0.002215
122.900000 0.002215
123.000000 0.002215
123.100000 0.002215
123.200000 0.002214
123.300000 0.002213
123.400000 0.002212
123.500000 0.002210
123.600000 0.002207
123.700000 0.002205
123.800000 0.002203
123.900000 0.002201
124.000000 0.002200
124.100000 0.002199
124.200000 0.002198
124.300000 0.002198
124.400000 0.002198
124.500000 0.002199
124.600000 0.002199
124.700000 0.002200
124.800000 0.002201
124.900000 0.002203
125.000000 0.002204
125.100000 0.002205
125.200000 0.002207
125.300000 0.002208
125.400000 0.002209
125.500000 0.002210
125.600000 0.002212
125.700000 0.002213
125.800000 0.002214
125.900000 0.002214
126.000000 0.002215
126.100000 0.002215
126.200000 0.002215
126.300000 0.002215
126.400000 0.002214
126.500000 0.002212
126.600000 0.002211
126.700000 0.002209
126.800000 0.002207
126.900000 0.002205
127.000000 0.002203
127.100000 0.002201
127.200000 0.002200
127.300000 0.002199
127.400000 0.002199
127.500000 0.002199
127.600000 0.002199
127.700000 0.002199
127.800000 0.002200
127.900000 0.002201
128.000000 0.002202
128.100000 0.002203
128.200000 0.002205
128.300000 0.002206
128.400000 0.002207
128.500000 0.002208
128.600000 0.002210
128.700000 0.002211
128.800000 0.002212
128.900000 0.002213
129.000000 0.002214
129.100000 0.002214
129.200000 0.002215
129.300000 0.002215
129.400000 0.002215
129.500000 0.002214
129.600000 0.002213
129.700000 0.002212
129.800000 0.002210
129.900000 0.002208
130.000000 0.002206
130.100000 0.002204
130.200000 0.002202
130.300000 0.002201
130.400000 0.002200
130.500000 0.002199
130.600000 0.002199
130.700000 0.002199
130.800000 0.002200
130.900000 0.002200
131.000000 0.002201
131.100000 0.002202
131.200000 0.002203
131.300000 0.002204
131.400000 0.002205
131.500000 0.002206
131.600000 0.002208
131.700000 0.002209
131.800000 0.002210
131.900000 0.002211
132.000000 0.002212
132.100000 0.002213
132.200000 0.002214
132.300000 0.002214
132.400000 0.002214
132.500000 0.002214
132.600000 0.002214
132.700000 0.002213
132.800000 0.002212
132.900000 0.002211
133.000000 0.002209
133.100000 0.002207
133.200000 0.002205
133.300000 0.002204
133.400000 0.002202
133.500000 0.002201
133.600000 0.002200
133.700000 0.002200
133.800000 0.002200
133.900000 0.002200
134.000000 0.002200
134.100000 0.002201
134.200000 0.002202
134.300000 0.002203
134.400000 0.002204
134.500000 0.002205
134.600000 0.002206
134.700000 0.002207
134.800000 0.002208
134.900000 0.002209
135.000000 0.002210
135.100000 0.002211
135.200000 0.002212
135.300000 0.002213
135.400000 0.002214
135.500000 0.002214
135.600000 0.002214
135.700000 0.002214
135.800000 0.002213
135.900000 0.002213
136.000000 0.002212
136.100000 0.002210
136.200000 0.002208
136.300000 0.002207
136.400000 0.002205
136.500000 0.002203
136.600000 0.002202
136.700000 0.002201
136.800000 0.002200
136.900000 0.002200
137.000000 0.002200
137.100000 0.002200
137.200000 0.002201
137.300000 0.002201
137.400000 0.002202
137.500000 0.002203
137.600000 0.002204
137.700000 0.002205
137.800000 0.002206
137.900000 0.002208
138.000000 0.002209
138.100000 0.002210
138.200000 0.002211
138.300000 0.002212
138.400000 0.002212
138.500000 0.002213
138.600000 0.002214
138.700000 0.002214
138.800000 0.002214
138.900000 0.002214
139.000000 0.002213
139.100000 0.002212
139.200000 0.002211
139.300000 0.002209
139.400000 0.002208
139.500000 0.002206
139.600000 0.002205
139.700000 0.002203
139.800000 0.002202
139.900000 0.002201
140.000000 0.002201
140.100000 0.002200
140.200000 0.002201
140.300000 0.002201
140.400000 0.002201
140.500000 0.002202
140.600000 0.002203
140.700000 0.002204
140.800000 0.002205
140.900000 0.002206
141.000000 0.002207
141.100000 0.002208
141.200000 0.002209
141.300000 0.002210
141.400000 0.002211
141.500000 0.002212
141.600000 0.002213
141.700000 0.002213
141.800000 0.002213
141.900000 0.002214
142.000000 0.002213
142.100000 0.002213
142.200000 0.002212
142.300000 0.002211
142.400000 0.002210
142.500000 0.002209
142.600000 0.002207
142.700000 0.002206
142.800000 0.002204
142.900000 0.002203
143.000000 0.002202
143.100000 0.002201
143.200000 0.002201
143.300000 0.002201
143.400000 0.002201
143.500000 0.002201
143.600000 0.002202
143.700000 0.002203
143.800000 0.002203
143.900000 0.002204
144.000000 0.002205
144.100000 0.002206
144.200000 0.002207
144.300000 0.002208
144.400000 0.002209
144.500000 0.002210
144.600000 0.002211
144.700000 0.002212
144.800000 0.002213
144.900000 0.002213
145.000000 0.002213
145.100000 0.002213
145.200000 0.002213
145.300000 0.002213
145.400000 0.002212
145.500000 0.002211
145.600000 0.002210
145.700000 0.002208
145.800000 0.002207
145.900000 0.002205
146.000000 0.002204
146.100000 0.002203
146.200000 0.002202
146.300000 0.002202
146.400000 0.002201
146.500000 0.002201
146.600000 0.002201
146.700000 0.002202
146.800000 0.002202
146.900000 0.002203
147.000000 0.002204
147.100000 0.002205
147.200000 0.002206
147.300000 0.002207
147.400000 0.002208
147.500000 0.002209
147.600000 0.002210
147.700000 0.002211
147.800000 0.002211
147.900000 0.002212
148.000000 0.002213
148.100000 0.002213
148.200000 0.002213
148.300000 0.002213
148.400000 0.002213
148.500000 0.002212
148.600000 0.002211
148.700000 0.002210
148.800000 0.002209
148.900000 0.002208
149.000000 0.002206
149.100000 0.002205
149.200000 0.002204
149.300000 0.002203
149.400000 0.002202
149.500000 0.002202
149.600000 0.002202
149.700000 0.002202
149.800000 0.002202
149.900000 0.002202
150.000000 0.002203
150.100000 0.002204
150.200000 0.002205
150.300000 0.002205
150.400000 0.002206
150.500000 0.002207
150.600000 0.002208
150.700000 0.002209
150.800000 0.002210
150.900000 0.002211
151.000000 0.002211
151.100000 0.002212
151.200000 0.002213
151.300000 0.002213
151.400000 0.002213
151.500000 0.002213
151.600000 0.002212
151.700000 0.002212
151.800000 0.002211
151.900000 0.002210
152.000000 0.002209
152.100000 0.002207
152.200000 0.002206
152.300000 0.002205
152.400000 0.002204
152.500000 0.002203
152.600000 0.002202
152.700000 0.002202
152.800000 0.002202
152.900000 0.002202
153.000000 0.002202
153.100000 0.002203
153.200000 0.002203
153.300000 0.002204
153.400000 0.002205
153.500000 0.002206
153.600000 0.002207
153.700000 0.002208
153.800000 0.002209
153.900000 0.002209
154.000000 0.002210
154.100000 0.002211
154.200000 0.002212
154.300000 0.002212
154.400000 0.002212
154.500000 0.002213
154.600000 0.002213
154.700000 0.002212
154.800000 0.002212
154.900000 0.002211
155.000000 0.002210
155.100000 0.002209
155.200000 0.002208
155.300000 0.002207
155.400000 0.002206
155.500000 0.002205
155.600000 0.002204
155.700000 0.002203
155.800000 0.002203
155.900000 0.002202
156.000000 0.002202
156.100000 0.002202
156.200000 0.002203
156.300000 0.002203
156.400000 0.002204
156.500000 0.002205
156.600000 0.002205
156.700000 0.002206
156.800000 0.002207
156.900000 0.002208
157.000000 0.002209
157.100000 0.002210
157.200000 0.002210
157.300000 0.002211
157.400000 0.002212
157.500000 0.002212
157.600000 0.002212
157.700000 0.002212
157.800000 0.002212
157.900000 0.002212
158.000000 0.002211
158.100000 0.002211
158.200000 0.002210
158.300000 0.002209
158.400000 0.002208
158.500000 0.002207
158.600000 0.002205
158.700000 0.002205
158.800000 0.002204
158.900000 0.002203
159.000000 0.002203
159.100000 0.002203
159.200000 0.002203
159.300000 0.002203
159.400000 0.002203
159.500000 0.002204
159.600000 0.002204
159.700000 0.002205
159.800000 0.002206
159.900000 0.002207
160.000000 0.002207
160.100000 0.002208
160.200000 0.002209
160.300000 0.002210
160.400000 0.002211
160.500000 0.002211
160.600000 0.002212
160.700000 0.002212
160.800000 0.002212
160.900000 0.002212
161.000000 0.002212
161.100000 0.002212
161.200000 0.002211
161.300000 0.002210
161.400000 0.002209
161.500000 0.002208
161.600000 0.002207
161.700000 0.002206
161.800000 0.002205
161.900000 0.002204
162.000000 0.002204
162.100000 0.002203
162.200000 0.002203
162.300000 0.002203
162.400000 0.002203
162.500000 0.002203
162.600000 0.002204
162.700000 0.002204
162.800000 0.002205
162.900000 0.002206
163.000000 0.002206
163.100000 0.002207
163.200000 0.002208
163.300000 0.002209
163.400000 0.002209
163.500000 0.002210
163.600000 0.002211
163.700000 0.002211
163.800000 0.002212
163.900000 0.002212
